,frame,poly_x_1,poly_y_1,poly_x_2,poly_y_2,poly_x_3,poly_y_3
0,1,816,-237,893,-114,782,-85
1,2,914,-471,1067,-290,933,-252
2,3,979,-1953,1847,-1413,1598,-1330
3,4,-812,-7807,3991,-5709,3425,-5560
4,5,-2037,-10516,5034,-7896,4714,-7656
5,6,-2363,-11135,5320,-8486,5185,-8195
6,7,-2484,-11472,5269,-8526,4823,-8307
7,8,-7417,-20673,7935,-15338,7498,-15058
8,9,-3641,-13713,6013,-10290,5709,-10017
9,10,-4664,-15763,6510,-11639,5956,-11411
10,11,-2608,-11861,5158,-8524,4244,-8404
11,12,-3237,-13198,5514,-9425,4452,-9324
12,13,-606246,-653513,88505,-470897,120420,-478870
13,14,-70316,-54671,477,-43736,10792,-43444
14,15,-23070,-14424,-1363,-10040,806,-10614
15,16,-24278,-13654,-2327,-11289,1703,-11277
16,17,-13751,-5694,-2224,-4824,182,-4877
17,18,-598456,-529376,46651,-494989,195850,-463989
18,19,-12441,-3202,-3448,-5366,292,-4573
19,20,-14612,-3343,-5379,-10749,-66,-8022
20,21,2565,433,2956,-376,2760,61
21,22,1697,723,1674,609,1603,672
22,23,984,502,917,516,920,510
23,24,912,445,852,462,851,458
24,25,860,575,799,585,804,568
25,26,887,594,824,605,828,587
26,27,792,593,738,600,746,579
27,28,827,525,769,535,773,522
28,29,791,334,750,357,736,357
29,30,749,301,716,324,696,326
30,31,705,278,678,300,654,303
31,32,704,170,693,206,650,216
32,33,680,201,666,230,627,238
33,34,402,423,403,390,410,386
34,35,-265,705,-62,568,73,547
35,36,-638,826,-216,704,-15,653
36,37,-834,786,-355,596,-106,567
37,38,-604,806,-216,669,-17,626
38,39,-565,811,-191,683,0,638
39,40,-511,792,-174,655,9,617
40,41,-550,789,-199,643,-8,607
41,42,-459,781,-150,646,23,610
42,43,-401,784,-113,660,49,622
43,44,-338,790,-71,680,79,639
44,45,-432,848,-82,776,74,712
45,46,-532,855,-128,782,42,714
46,47,-905,852,-287,781,-61,702
47,48,-834,856,-257,786,-42,708
48,49,-840,837,-298,720,-65,660
49,50,-408,791,-113,671,50,630
50,51,-350,770,-89,647,64,611
51,52,-362,767,-98,640,57,606
52,53,-616,854,-171,775,14,707
53,54,-628,852,-180,769,8,702
54,55,-732,824,-266,691,-46,641
55,56,-770,839,-265,727,-45,667
56,57,-668,797,-259,641,-45,604
57,58,-680,813,-251,672,-38,628
58,59,-366,773,-98,648,58,612
59,60,-516,825,-151,717,27,665
60,61,-466,823,-125,719,45,668
61,62,-575,856,-149,781,28,713
62,63,-504,842,-128,755,43,695
63,64,-457,904,-2,932,111,828
64,65,-31868,-38747,6928,-17151,-6626,-21034
65,66,277,852,878,1284,455,1094
66,67,527,956,839,1200,600,1064
67,68,-3,948,423,1156,334,1007
68,69,-9498,-8298,1505,-2322,-2149,-3661
69,70,-3752,-1689,480,505,-770,-128
70,71,-795,806,126,1147,54,941
71,72,-469,911,126,1081,143,930
72,73,-621,899,-5,1009,79,874
73,74,-842,859,-51,1030,22,872
74,75,-482,905,-8,940,104,833
75,76,-577,898,-54,931,72,823
76,77,-635,886,-116,879,40,783
77,78,-598,880,-119,851,43,764
78,79,-619,867,-152,811,25,734
79,80,-789,858,-238,787,-30,711
80,81,-560,874,-114,831,48,751
81,82,-572,850,-154,768,25,703
82,83,-514,857,-116,789,50,720
83,84,-567,859,-140,790,34,720
84,85,-414,792,-116,671,48,631
85,86,-409,774,-124,643,40,608
86,87,-310,786,-56,679,89,638
87,88,15,782,159,728,248,680
88,89,409,643,418,617,454,587
89,90,473,587,464,565,491,542
90,91,594,635,569,630,589,601
91,92,513,635,502,621,528,592
92,93,274,675,317,633,369,600
93,94,-244,815,4,739,134,686
94,95,-362,810,-73,712,80,664
95,96,-394,790,-105,671,55,631
96,97,-423,814,-106,709,57,661
97,98,-361,809,-73,709,79,661
98,99,-323,796,-58,693,89,649
99,100,-307,783,-55,675,90,634
100,101,-255,781,-24,681,112,639
101,102,-398,775,-116,647,46,611
102,103,-371,760,-108,626,50,595
103,104,-393,792,-103,675,57,634
104,105,-320,788,-61,681,86,639
105,106,-405,782,-117,656,46,619
106,107,-429,768,-139,630,29,597
107,108,-444,784,-139,653,31,616
108,109,-539,760,-211,595,-21,569
109,110,-480,712,-198,531,-22,518
110,111,-414,707,-158,538,5,524
111,112,-461,731,-178,564,-4,545
112,113,-419,723,-155,562,10,542
113,114,-409,734,-144,579,20,557
114,115,-429,727,-159,565,8,546
115,116,-442,724,-169,558,1,540
116,117,-439,727,-165,563,4,543
117,118,-462,722,-182,550,-9,533
118,119,-394,735,-133,584,27,561
119,120,-281,712,-70,574,69,553
120,121,-345,693,-118,534,30,520
121,122,-331,698,-107,545,39,528
122,123,-299,671,-94,515,43,504
123,124,-334,694,-111,538,35,523
124,125,-418,747,-143,597,23,572
125,126,-384,729,-130,577,28,555
126,127,-329,740,-90,604,59,577
127,128,-438,754,-153,605,17,577
128,129,-451,765,-155,620,18,590
129,130,-474,765,-169,615,8,585
130,131,-438,773,-142,636,28,602
131,132,-457,744,-169,585,4,561
132,133,-469,721,-187,547,-13,531
133,134,-493,744,-191,579,-10,556
134,135,-319,720,-92,578,54,556
135,136,-393,723,-138,566,22,546
136,137,-446,749,-160,596,12,570
137,138,-404,745,-136,597,28,571
138,139,-386,731,-131,579,28,557
139,140,-366,741,-113,599,43,573
140,141,-490,742,-190,576,-10,554
141,142,-421,723,-156,561,9,542
142,143,-471,695,-199,508,-26,499
143,144,-345,688,-120,527,28,514
144,145,-406,681,-162,503,-4,495
145,146,-544,705,-240,507,-52,498
146,147,-504,684,-223,485,-46,481
147,148,-478,686,-206,494,-34,488
148,149,-330,670,-115,507,27,497
149,150,-296,717,-78,578,64,556
150,151,-299,658,-99,497,37,488
151,152,-246,684,-56,543,74,527
152,153,-304,716,-84,575,59,553
153,154,-380,735,-125,586,33,563
154,155,-360,710,-122,554,30,536
155,156,-370,710,-129,552,26,535
156,157,-311,652,-108,487,29,480
157,158,-298,685,-90,533,49,518
158,159,-364,685,-134,519,17,507
159,160,-335,700,-110,545,37,529
160,161,-460,673,-199,481,-31,477
161,162,-497,702,-212,514,-33,504
162,163,-442,678,-186,492,-21,486
163,164,-413,701,-160,530,2,517
164,165,-411,713,-154,548,9,532
165,166,-460,718,-182,545,-10,529
166,167,-426,726,-157,565,9,545
167,168,-452,742,-167,583,6,560
168,169,-355,662,-134,490,12,483
169,170,-393,668,-158,489,-4,483
170,171,-346,637,-135,459,5,458
171,172,-363,677,-135,508,14,498
172,173,-366,687,-134,522,17,510
173,174,-376,685,-141,516,12,505
174,175,-459,688,-193,502,-24,494
175,176,-483,696,-205,508,-30,499
176,177,-680,726,-312,511,-94,502
177,178,-513,709,-219,520,-37,509
178,179,-593,721,-263,520,-63,510
179,180,-601,711,-272,504,-72,496
180,181,-385,697,-143,531,13,517
181,182,-425,714,-162,546,3,530
182,183,-430,697,-172,521,-7,509
183,184,-383,706,-138,544,18,528
184,185,-436,736,-160,578,9,556
185,186,-417,716,-156,552,8,535
186,187,-461,731,-178,564,-4,544
187,188,-462,749,-170,592,5,567
188,189,-450,730,-171,566,1,546
189,190,-519,738,-210,564,-24,545
190,191,-552,750,-224,576,-31,554
191,192,-577,776,-223,616,-26,585
192,193,-759,792,-312,618,-79,585
193,194,-773,792,-319,616,-83,583
194,195,-606,780,-237,618,-34,587
195,196,-728,789,-298,615,-71,584
196,197,-710,786,-290,612,-67,581
197,198,-672,778,-276,603,-59,575
198,199,-742,789,-305,614,-75,582
199,200,-687,781,-282,606,-62,577
200,201,-453,771,-152,629,20,597
201,202,-470,770,-164,624,12,593
202,203,-523,760,-201,598,-14,572
203,204,-554,761,-218,595,-25,569
204,205,-414,746,-141,598,24,572
205,206,-409,726,-147,568,16,548
206,207,-410,713,-153,548,10,532
207,208,-350,717,-113,567,38,547
208,209,-441,744,-159,589,11,564
209,210,-435,730,-162,569,7,548
210,211,-364,714,-123,559,31,540
211,212,-520,711,-222,522,-39,511
212,213,-413,689,-164,513,-3,503
213,214,-447,698,-183,518,-14,507
214,215,-528,704,-231,509,-46,500
215,216,-415,660,-174,473,-17,470
216,217,-437,695,-177,516,-11,506
217,218,-422,683,-172,502,-10,494
218,219,-487,696,-208,507,-32,499
219,220,-542,695,-243,493,-56,487
220,221,-475,729,-187,559,-11,540
221,222,-490,721,-200,542,-21,527
222,223,-622,745,-268,554,-61,536
223,224,-573,701,-259,495,-66,489
224,225,-667,744,-295,543,-79,527
225,226,-568,711,-252,512,-59,503
226,227,-729,737,-333,520,-104,509
227,228,-642,714,-295,500,-86,494
228,229,-721,744,-325,533,-98,519
229,230,-712,732,-326,515,-101,506
230,231,-516,717,-218,531,-34,518
231,232,-489,713,-202,532,-25,518
232,233,-432,670,-182,483,-21,478
233,234,-512,686,-228,487,-48,482
234,235,-510,705,-219,514,-38,505
235,236,-477,723,-191,549,-15,532
236,237,-437,666,-186,476,-25,473
237,238,-453,679,-192,491,-25,485
238,239,-405,706,-152,540,9,525
239,240,-451,716,-178,544,-7,528
240,241,-528,695,-234,497,-50,490
241,242,-449,675,-191,485,-26,481
242,243,-409,675,-166,494,-8,488
243,244,-410,673,-167,491,-9,485
244,245,-497,688,-217,493,-40,487
245,246,-466,686,-199,497,-28,490
246,247,-1208,818,-441,702,-149,633
247,248,-8379,-4753,-42,-1406,-1061,-2248
248,249,-3651,-1821,636,509,-814,-147
249,250,-825,601,405,1246,34,967
250,251,-4074,-1384,59,430,-666,-128
251,252,-2421,249,-328,838,-295,557
252,253,-9679,-5687,-132,-2042,-1058,-2923
253,254,-3429,-288,-460,563,-430,221
254,255,-1632,656,-287,934,-160,737
255,256,-930,862,-180,930,-24,803
256,257,-604,873,-134,830,35,749
257,258,-483,865,-90,810,67,737
258,259,-447,860,-77,801,76,731
259,260,-437,832,-101,741,61,685
260,261,-428,767,-139,627,29,595
261,262,-409,771,-125,637,39,604
262,263,-508,772,-185,621,-1,590
263,264,-399,738,-136,588,26,564
264,265,-333,755,-86,626,64,595
265,266,-317,766,-71,646,76,611
266,267,-305,736,-77,604,68,577
267,268,-345,748,-97,613,55,584
268,269,-388,746,-125,602,35,575
269,270,-423,747,-147,596,20,570
270,271,-329,735,-92,597,56,571
271,272,-269,717,-60,584,77,561
272,273,-368,733,-118,587,38,563
273,274,-355,726,-113,579,40,556
274,275,-389,750,-124,608,37,580
275,276,-290,731,-69,599,73,573
276,277,-457,778,-151,641,23,606
277,278,-372,763,-107,632,51,599
278,279,-343,755,-93,624,59,593
279,280,-298,732,-73,600,70,573
280,281,-364,763,-102,633,54,601
281,282,-386,761,-117,626,44,595
282,283,-307,737,-77,605,68,578
283,284,-294,725,-73,591,68,566
284,285,-310,744,-76,615,70,586
285,286,-277,745,-55,622,85,591
286,287,-525,855,-125,782,45,715
287,288,-1305,688,-77,1060,-82,839
288,289,-452,908,160,1105,153,947
289,290,-57,753,97,675,199,635
290,291,149,719,233,665,303,627
291,292,-557,868,-122,814,44,738
292,293,-1817,533,-242,953,-191,717
293,294,-1779,623,-350,891,-190,696
294,295,-1436,739,-284,928,-127,758
295,296,-1096,841,-319,825,-90,722
296,297,-981,850,-302,797,-73,710
297,298,-929,853,-290,790,-64,707
298,299,-691,841,-225,736,-20,676
299,300,-556,824,-175,710,12,659
300,301,-1022,808,-416,634,-136,591
301,302,-996,819,-389,666,-119,616
302,303,-1242,790,-522,587,-194,550
303,304,-957,795,-406,601,-133,569
304,305,-371,765,-105,635,52,602
305,306,463,506,453,481,470,467
306,307,1322,313,1283,314,1306,349
307,308,1842,128,1959,-50,2098,101
308,309,1823,61,1959,-102,2107,49
309,310,1855,-82,2066,-262,2250,-87
310,311,1871,-124,2108,-314,2306,-130
311,312,1837,-163,2077,-326,2269,-149
312,313,1757,-243,2004,-346,2174,-188
313,314,1742,-281,2002,-372,2171,-215
314,315,1715,-291,1970,-364,2127,-214
315,316,1784,-349,2097,-467,2295,-290
316,317,1771,-326,2065,-435,2254,-264
317,318,1939,-284,2292,-534,2555,-304
318,319,1890,-412,2290,-620,2556,-395
319,320,1943,-444,2392,-707,2697,-454
320,321,1815,-356,2145,-497,2360,-308
321,322,1810,-433,2181,-570,2407,-374
322,323,1913,-333,2280,-560,2542,-336
323,324,1890,-281,2216,-486,2454,-277
324,325,1878,-360,2241,-555,2490,-342
325,326,1911,-164,2185,-386,2408,-182
326,327,1927,-373,2324,-615,2602,-379
327,328,1994,-556,2550,-893,2921,-595
328,329,2047,-399,2533,-776,2886,-478
329,330,1878,-361,2242,-557,2491,-343
330,331,1734,-297,1998,-382,2165,-226
331,332,1703,-429,2023,-485,2191,-326
332,333,1792,-302,2084,-428,2279,-253
333,334,1769,-261,2030,-372,2208,-208
334,335,1720,-467,2067,-532,2250,-365
335,336,1730,-508,2104,-579,2297,-404
336,337,1691,-258,1920,-318,2064,-178
337,338,1736,-345,2025,-428,2199,-267
338,339,1698,-196,1902,-266,2042,-129
339,340,1681,-150,1858,-214,1987,-86
340,341,1644,-27,1761,-85,1866,25
341,342,1697,-190,1898,-260,2036,-124
342,343,1575,-276,1774,-273,1871,-161
343,344,1583,-282,1787,-282,1888,-168
344,345,1773,-260,2035,-374,2215,-209
345,346,1677,-413,1978,-453,2132,-304
346,347,1754,-312,2034,-410,2213,-246
347,348,1649,-455,1959,-473,2103,-329
348,349,1681,-426,1990,-467,2147,-316
349,350,1736,-428,2070,-507,2255,-338
350,351,1634,-560,1993,-560,2140,-411
351,352,1665,-633,2078,-649,2250,-484
352,353,1645,-678,2075,-678,2242,-515
353,354,1587,-626,1961,-590,2088,-449
354,355,1708,-688,2175,-736,2384,-550
355,356,1861,-227,2144,-407,2358,-216
356,357,-6327,-16526,918,-14255,-8464,-13007
357,358,1233,921,1404,1057,1056,1001
358,359,802,952,919,1080,771,991
359,360,1442,757,1391,721,1331,736
360,361,1466,-11157,10164,-14258,-1444,-10844
361,362,2278,520,2454,26,2419,296
362,363,2121,275,2288,-112,2438,123
363,364,2029,307,2147,-2,2273,193
364,365,2028,325,2140,17,2259,210
365,366,1920,270,2011,38,2134,200
366,367,1933,227,2043,-13,2180,157
367,368,1916,198,2031,-30,2172,137
368,369,1900,171,2019,-47,2164,119
369,370,1979,130,2145,-145,2319,51
370,371,1896,95,2045,-118,2206,53
371,372,2003,72,2204,-223,2401,-11
372,373,1739,-394,2055,-477,2237,-310
373,374,1764,-515,2158,-612,2372,-425
374,375,1771,-400,2105,-506,2305,-328
375,376,1810,-394,2160,-532,2379,-340
376,377,1848,-385,2210,-554,2448,-349
377,378,1758,-463,2120,-557,2322,-377
378,379,1704,-407,2012,-464,2178,-308
379,380,1624,-509,1952,-507,2088,-366
380,381,1696,-435,2015,-485,2181,-328
381,382,1670,-449,1986,-481,2140,-331
382,383,1665,-478,1994,-504,2148,-353
383,384,1650,-441,1954,-461,2097,-318
384,385,1727,-317,1999,-396,2165,-240
385,386,1745,-246,1989,-342,2155,-187
386,387,1777,-382,2105,-493,2305,-315
387,388,1776,-429,2128,-538,2334,-355
388,389,1817,-388,2165,-531,2387,-338
389,390,1808,-220,2065,-360,2253,-187
390,391,1709,-387,2009,-449,2176,-293
391,392,1712,-306,1973,-376,2131,-226
392,393,1954,383,2023,129,2112,291
393,394,2879,-3359,7484,-10353,6409,-6818
394,395,2891,-307,4125,-1663,2726,-818
395,396,2403,558,2680,-26,2431,298
396,397,-5286,-7274,-1692,-9288,-5321,-7660
397,398,3178,-941,5062,-3587,3759,-2126
398,399,2936,-94,3918,-1874,3917,-962
399,400,2080,104,2301,-258,2509,-18
400,401,1956,74,2136,-183,2319,11
401,402,1999,-1,2233,-296,2449,-76
402,403,1906,-8,2103,-227,2290,-42
403,404,1747,-191,1966,-291,2125,-140
404,405,1728,-299,1991,-380,2156,-225
405,406,1673,-299,1916,-346,2056,-207
406,407,1741,-299,2010,-388,2180,-230
407,408,1640,-329,1885,-354,2013,-222
408,409,1744,-375,2052,-462,2234,-296
409,410,1723,-431,2052,-501,2232,-336
410,411,1615,-454,1912,-452,2039,-317
411,412,1611,-445,1901,-442,2025,-309
412,413,1617,-431,1902,-432,2028,-299
413,414,1589,-363,1832,-357,1940,-235
414,415,1702,33,1811,-59,1927,61
415,416,1754,503,1743,358,1777,454
416,417,1812,743,1824,588,1707,676
417,418,1771,795,1803,674,1622,745
418,419,1759,821,1821,720,1579,784
419,420,1770,821,1944,765,1517,826
420,421,1831,716,2188,697,1483,779
421,422,1803,724,2157,722,1457,795
422,423,1796,673,2222,703,1417,777
423,424,1728,761,2051,790,1401,839
424,425,1668,782,1978,837,1353,869
425,426,1735,735,2095,775,1391,827
426,427,1751,729,2115,762,1403,819
427,428,1744,678,2179,743,1366,800
428,429,1616,836,1843,880,1342,898
429,430,1736,703,2140,761,1372,814
430,431,1712,829,1903,812,1448,856
431,432,1685,833,1883,831,1419,868
432,433,1803,609,2306,663,1390,743
433,434,1783,745,2112,745,1450,811
434,435,1721,781,2012,802,1408,848
435,436,1666,789,1965,840,1355,872
436,437,1662,771,1992,838,1339,868
437,438,1742,773,2040,784,1426,837
438,439,1839,787,2066,712,1560,794
439,440,1844,778,2089,708,1554,791
440,441,1734,835,1883,787,1492,839
441,442,1766,816,1960,770,1501,830
442,443,1618,382,2405,655,1118,693
443,444,-337,-12905,9374,-10708,-4366,-9170
444,445,1273,784,1702,1052,1007,988
445,446,1039,929,1095,1017,941,955
446,447,1717,363,2499,570,1197,642
447,448,-2933174,-9443518,2190329,-7854734,-4657800,-7108270
448,449,-57035,-222490,73763,-190426,-104703,-168776
449,450,54,-10316,8172,-8162,-3314,-7033
450,451,1454,-1074,3455,-330,501,-203
451,452,1173,-1549,3581,-474,162,-404
452,453,1248,880,1527,1073,1036,1012
453,454,1423,756,1846,972,1113,941
454,455,1380,872,1626,1013,1141,978
455,456,1411,857,1678,999,1158,969
456,457,1494,827,1787,953,1213,940
457,458,1447,771,1844,964,1140,939
458,459,1423,873,1651,990,1181,965
459,460,1358,911,1480,991,1167,961
460,461,1541,768,1914,911,1221,909
461,462,1541,745,1946,903,1208,901
462,463,1537,319,2404,670,1028,687
463,464,1542,470,2261,761,1090,770
464,465,1636,260,2533,561,1087,613
465,466,1547,-77,2758,387,897,439
466,467,1331,-671,3062,104,547,137
467,468,1621,481,2309,715,1160,747
468,469,1549,418,2317,725,1075,739
469,470,1681,413,2424,630,1185,685
470,471,1642,362,2443,625,1131,672
471,472,1648,252,2550,546,1095,603
472,473,1680,659,2157,777,1293,817
473,474,1568,559,2188,796,1147,808
474,475,1666,751,2024,828,1330,860
475,476,1815,731,2154,716,1476,792
476,477,1736,726,2108,771,1385,824
477,478,1645,795,1941,856,1338,881
478,479,1609,757,1976,867,1278,883
479,480,1722,759,2050,794,1393,841
480,481,1855,704,2221,674,1503,764
481,482,1858,675,2264,657,1486,750
482,483,1913,670,2309,610,1547,722
483,484,1925,446,2577,459,1438,595
484,485,1850,541,2419,584,1404,686
485,486,1859,393,2580,478,1345,596
486,487,1780,276,2631,460,1221,560
487,488,-21570,-80661,29698,-55455,-36160,-52845
488,489,1405,898,1466,933,1228,918
489,490,1092,942,1219,1071,966,1002
490,491,1214,930,1330,1036,1057,984
491,492,2127,-527,3587,-568,1287,-208
492,493,2179,-37,3231,-184,1524,124
493,494,283,-10215,8299,-8512,-3117,-7210
494,495,727,-7238,6870,-5678,-1912,-4813
495,496,1513,-188,2824,330,834,381
496,497,1468,372,2300,749,994,742
497,498,1442,738,1885,955,1120,929
498,499,1470,726,1921,935,1138,916
499,500,1466,850,1725,970,1203,952
500,501,1430,816,1763,985,1149,957
501,502,1567,449,2301,732,1102,750
502,503,1646,390,2419,640,1146,686
503,504,1672,269,2553,540,1122,604
504,505,1404,-528,3008,157,643,203
505,506,1416,-122,2695,451,785,463
506,507,1583,-66,2777,367,929,430
507,508,1575,416,2340,706,1096,728
508,509,1597,597,2168,799,1188,817
509,510,1543,110,2596,525,959,559
510,511,1763,724,2129,751,1413,812
511,512,1790,373,2547,520,1269,615
512,513,1731,648,2207,737,1336,792
513,514,1744,752,2075,776,1412,830
514,515,1639,726,2040,836,1288,861
515,516,1667,559,2262,731,1234,772
516,517,1515,823,1809,940,1230,933
517,518,1241,899,1262,945,1105,911
518,519,1037,846,1013,883,951,841
519,520,966,838,943,876,895,831
520,521,866,754,824,775,814,737
521,522,860,731,813,748,808,714
522,523,851,712,802,727,800,694
523,524,859,701,807,715,807,684
524,525,872,738,825,756,818,721
525,526,884,734,835,752,828,718
526,527,842,708,793,722,793,690
527,528,816,717,771,732,772,698
528,529,829,671,777,683,781,655
529,530,817,659,765,670,770,642
530,531,909,554,844,565,848,552
531,532,942,598,875,609,878,593
532,533,949,591,881,602,884,587
533,534,923,606,857,617,860,599
534,535,919,593,853,604,857,587
535,536,877,615,816,626,820,605
536,537,949,610,881,620,884,604
537,538,905,587,840,598,844,581
538,539,841,533,782,543,787,529
539,540,794,571,739,579,746,560
540,541,839,853,836,899,797,843
541,542,1380,768,1800,997,1083,957
542,543,67,927,568,1225,371,1054
543,544,-847,551,448,1251,21,960
544,545,-2293,-351,340,982,-388,533
545,546,-1870,-12,317,1084,-270,689
546,547,877,909,912,983,825,917
547,548,1339,653,1914,973,1003,922
548,549,412,931,828,1239,534,1082
549,550,746,925,815,1014,733,935
550,551,868,795,837,823,817,780
551,552,799,788,774,814,763,769
552,553,738,903,784,973,727,901
553,554,787,875,804,929,760,867
554,555,756,850,762,893,735,835
555,556,757,848,762,891,735,833
556,557,712,849,724,891,703,831
557,558,704,820,704,852,694,798
558,559,764,764,736,785,734,741
559,560,767,753,736,772,736,730
560,561,803,782,775,807,765,763
561,562,820,782,790,807,778,764
562,563,820,718,775,733,776,699
563,564,818,729,776,746,775,710
564,565,824,758,787,779,781,739
565,566,811,750,774,770,770,730
566,567,808,694,761,707,765,675
567,568,824,688,774,701,777,670
568,569,908,689,850,702,848,675
569,570,927,692,868,706,864,679
570,571,895,680,837,693,837,667
571,572,868,696,814,710,814,680
572,573,910,663,849,676,849,651
573,574,922,625,857,636,860,616
574,575,910,599,845,610,849,592
575,576,880,586,818,596,823,579
576,577,824,603,767,612,774,591
577,578,809,591,753,600,760,579
578,579,785,598,732,605,740,583
579,580,778,617,726,624,735,600
580,581,826,626,770,636,776,612
581,582,867,619,807,629,811,608
582,583,870,608,809,618,814,598
583,584,896,592,832,602,837,585
584,585,892,590,828,601,833,584
585,586,858,649,801,660,804,636
586,587,915,649,853,660,854,638
587,588,924,673,863,686,862,661
588,589,816,728,773,745,772,709
589,590,856,727,809,744,805,710
590,591,866,757,824,778,814,740
591,592,915,765,870,787,854,750
592,593,870,719,820,736,816,703
593,594,924,737,872,755,861,723
594,595,890,719,838,735,833,703
595,596,845,731,800,748,796,713
596,597,850,735,805,753,800,718
597,598,810,735,770,752,769,715
598,599,842,688,790,701,792,671
599,600,836,682,784,694,787,665
600,601,931,548,864,559,868,547
601,602,939,534,872,546,876,536
602,603,886,517,823,530,827,518
603,604,858,472,800,486,801,478
604,605,875,451,817,467,817,461
605,606,846,499,788,511,791,500
606,607,822,516,765,527,769,514
607,608,815,466,760,478,761,469
608,609,803,501,748,511,752,499
609,610,804,497,749,507,753,495
610,611,819,534,762,544,767,529
611,612,812,603,756,611,763,590
612,613,208,929,408,1004,409,906
613,614,-361,924,169,1081,180,937
614,615,-442,917,115,1061,148,919
615,616,-406,921,97,1028,153,898
616,617,-435,915,51,989,133,870
617,618,-444,917,74,1019,138,891
618,619,-468,915,61,1016,129,887
619,620,-610,900,3,1012,83,876
620,621,-733,885,-54,997,44,859
621,622,-842,864,-71,1012,19,861
622,623,-1065,814,-127,1010,-36,841
623,624,-1010,827,-111,1014,-23,848
624,625,-1180,796,-186,979,-67,812
625,626,-1159,787,-146,1007,-57,831
626,627,-1240,754,-143,1017,-73,827
627,628,-1222,754,-128,1026,-68,834
628,629,-1293,770,-227,960,-94,790
629,630,-1341,715,-154,1015,-95,814
630,631,-4460,-3190,1098,60,-1212,-765
631,632,-2315,-726,636,942,-486,430
632,633,-712,586,505,1268,62,985
633,634,-567,843,238,1182,126,982
634,635,-1758,423,-57,1039,-185,753
635,636,-984196,-1662453,345227,-863818,-220409,-976604
636,637,-19958,-25670,5636,-10015,-6219,-12925
637,638,-8722,-9444,2536,-2504,-2869,-3975
638,639,-4747,-3394,1067,-40,-1253,-889
639,640,-2362,-654,547,944,-469,443
640,641,-1501,295,267,1150,-158,812
641,642,-1469,310,274,1156,-150,820
642,643,-1251,480,240,1179,-82,879
643,644,-1193,576,167,1165,-59,892
644,645,-1731,335,64,1077,-190,761
645,646,-1909,144,139,1061,-245,704
646,647,-997,704,139,1162,-2,923
647,648,-1067,715,66,1130,-21,902
648,649,-905,784,77,1128,21,921
649,650,-1173,734,-49,1073,-51,863
650,651,-817,840,31,1090,40,909
651,652,-760,845,71,1108,59,925
652,653,-759,850,58,1099,58,920
653,654,-825,809,96,1132,44,931
654,655,-797,829,76,1117,50,926
655,656,-857,840,-3,1071,27,895
656,657,-727,854,76,1106,68,926
657,658,-752,851,61,1100,60,921
658,659,-727,855,75,1105,68,926
659,660,-699,863,79,1103,76,927
660,661,-550,890,135,1111,123,944
661,662,-506,905,116,1085,131,930
662,663,-505,893,168,1125,139,956
663,664,-510,894,160,1120,137,952
664,665,-436,916,130,1073,152,927
665,666,-400,921,139,1068,163,926
666,667,-622,895,33,1046,87,898
667,668,-612,895,47,1056,92,905
668,669,-773,869,-17,1044,44,886
669,670,-793,857,7,1068,43,899
670,671,-503,911,71,1041,123,902
671,672,-395,922,112,1038,159,906
672,673,-683,873,62,1087,78,919
673,674,-724,860,62,1095,67,921
674,675,-755,873,-13,1042,48,886
675,676,-535,906,68,1050,115,906
676,677,-556,902,73,1062,111,913
677,678,-477,912,106,1066,137,920
678,679,-652,894,-3,1021,73,880
679,680,-482,907,133,1092,141,936
680,681,-578,895,85,1079,107,922
681,682,-591,900,37,1040,95,896
682,683,-371,922,97,1011,161,888
683,684,-411,920,115,1048,156,912
684,685,-552,902,81,1068,113,916
685,686,-555,901,82,1070,113,918
686,687,-758,866,11,1063,52,899
687,688,-653,893,4,1028,74,884
688,689,-987,820,-70,1042,-12,867
689,690,-829,854,-19,1054,31,888
690,691,-862,833,9,1081,27,900
691,692,-715,886,-34,1012,53,870
692,693,-901,830,-19,1067,14,889
693,694,-954,826,-57,1047,-3,872
694,695,-983,809,-40,1064,-7,879
695,696,-841,860,-52,1029,23,872
696,697,-727,872,23,1066,61,903
697,698,-967,790,15,1097,2,898
698,699,-966,802,-10,1081,0,890
699,700,-888,841,-36,1052,15,881
700,701,-805,866,-36,1035,33,878
701,702,-798,867,-35,1034,35,878
702,703,-924,828,-34,1060,7,883
703,704,-871,841,-19,1062,21,889
704,705,-503,911,71,1041,123,902
705,706,-28,914,234,957,285,862
706,707,450,631,449,609,481,580
707,708,552,437,529,426,532,418
708,709,757,254,729,283,702,288
709,710,738,231,715,262,684,268
710,711,803,126,794,177,749,191
711,712,820,-3,838,72,772,92
712,713,764,-74,799,11,713,33
713,714,811,-97,851,-4,766,20
714,715,807,-129,855,-29,764,-5
715,716,819,-73,853,16,774,38
716,717,825,-103,866,-8,782,16
717,718,837,-43,863,41,791,62
718,719,800,-24,823,54,751,74
719,720,782,-99,823,-8,734,15
720,721,738,-41,767,35,685,55
721,722,748,-73,783,10,696,32
722,723,749,-50,779,29,696,50
723,724,746,-51,777,28,694,49
724,725,739,-55,771,23,686,45
725,726,739,-74,776,8,687,30
726,727,716,-70,752,9,661,31
727,728,737,-74,773,8,685,30
728,729,776,-16,797,58,724,78
729,730,769,-32,794,45,717,65
730,731,774,-29,799,48,723,68
731,732,775,-33,800,45,724,65
732,733,760,-15,781,58,707,77
733,734,768,8,784,77,714,96
734,735,781,-27,805,50,730,71
735,736,749,-50,779,29,696,50
736,737,757,-42,785,36,705,57
737,738,758,-17,780,57,705,76
738,739,759,-12,781,60,706,79
739,740,758,-51,788,29,706,50
740,741,785,-18,807,58,734,78
741,742,781,4,798,75,729,94
742,743,761,-33,787,44,709,64
743,744,774,-34,800,44,723,65
744,745,786,-112,830,-17,739,6
745,746,775,-58,806,25,725,46
746,747,791,-64,823,21,742,43
747,748,795,-63,826,22,746,44
748,749,787,-74,822,13,738,35
749,750,763,-30,788,46,711,66
750,751,733,-54,765,24,680,45
751,752,733,-64,767,15,679,37
752,753,747,-79,784,5,695,28
753,754,733,-47,763,30,679,51
754,755,740,-131,789,-37,689,-12
755,756,728,-199,796,-92,679,-65
756,757,768,-168,827,-64,722,-38
757,758,762,-144,815,-45,714,-20
758,759,778,-116,823,-22,730,2
759,760,778,-129,826,-32,731,-7
760,761,784,-134,833,-36,738,-11
761,762,772,-210,841,-96,729,-69
762,763,771,-135,821,-37,723,-13
763,764,785,-138,835,-39,739,-14
764,765,749,-137,800,-41,699,-17
765,766,743,-138,794,-42,693,-17
766,767,723,-139,775,-46,671,-21
767,768,726,-114,772,-25,674,-1
768,769,705,-79,743,1,650,23
769,770,706,-31,734,39,651,60
770,771,684,-42,715,28,628,49
771,772,693,-31,722,38,637,58
772,773,703,-18,728,49,647,69
773,774,702,-61,736,15,646,37
774,775,714,-40,743,33,659,54
775,776,727,-34,754,39,672,59
776,777,724,-13,747,56,669,75
777,778,699,-42,729,30,643,51
778,779,715,-86,755,-4,661,18
779,780,705,-112,751,-26,651,-2
780,781,734,-91,774,-5,681,17
781,782,744,-100,786,-12,692,11
782,783,733,-114,778,-24,680,-1
783,784,748,-97,789,-9,697,14
784,785,739,-79,776,5,686,27
785,786,739,-128,788,-35,688,-10
786,787,758,-89,797,-2,707,21
787,788,776,-36,802,42,725,63
788,789,732,-99,774,-13,679,10
789,790,741,-89,780,-3,689,19
790,791,751,-144,803,-46,701,-22
791,792,742,-160,799,-60,693,-34
792,793,740,-181,802,-77,691,-50
793,794,732,-212,803,-102,684,-75
794,795,746,-190,811,-83,699,-56
795,796,728,-204,797,-96,679,-69
796,797,712,-172,773,-72,660,-46
797,798,736,-164,794,-63,686,-38
798,799,719,-201,787,-94,669,-67
799,800,712,-172,773,-72,660,-46
800,801,791,-183,853,-74,748,-47
801,802,772,-98,813,-8,723,15
802,803,489,-42,535,-2,434,23
803,804,-10,146,89,35,51,76
804,805,-227,313,-83,129,-46,170
805,806,-231,311,-86,126,-49,168
806,807,-226,252,-82,69,-64,117
807,808,-379,277,-193,45,-146,103
808,809,-403,324,-209,85,-143,139
809,810,-348,263,-171,40,-133,98
810,811,-504,229,-280,-47,-231,29
811,812,-591,254,-340,-52,-268,30
812,813,-466,313,-254,53,-181,114
813,814,-411,262,-215,19,-169,82
814,815,-523,303,-293,23,-214,91
815,816,-555,285,-316,-7,-238,66
816,817,-1045,453,-614,19,-375,109
817,818,-4710,-126,-1547,-461,-477,-452
818,819,-6976,-1670,-1465,-1099,-448,-1301
819,820,-5104,-464,-1411,-426,-459,-522
820,821,-1622,699,-785,310,-345,337
821,822,-1000,641,-533,301,-254,337
822,823,-707,574,-383,282,-185,317
823,824,-738,548,-408,239,-210,282
824,825,-713,485,-404,167,-229,222
825,826,-642,459,-362,157,-210,211
826,827,-555,399,-311,116,-194,173
827,828,-661,417,-379,103,-236,166
828,829,-570,300,-326,3,-240,76
829,830,-514,259,-288,-19,-226,54
830,831,-507,261,-283,-15,-222,57
831,832,-507,283,-282,8,-213,77
832,833,-530,321,-298,39,-212,106
833,834,-467,326,-254,66,-177,126
834,835,-550,411,-306,131,-187,185
835,836,-503,413,-274,149,-162,199
836,837,-456,432,-241,184,-131,228
837,838,-448,404,-237,156,-138,203
838,839,-452,389,-241,138,-146,188
839,840,-441,393,-233,146,-139,194
840,841,-471,159,-255,-104,-237,-23
841,842,-415,167,-216,-76,-203,-2
842,843,-425,150,-222,-96,-214,-19
843,844,-435,90,-226,-158,-239,-73
844,845,-412,199,-215,-44,-191,26
845,846,-381,153,-191,-78,-187,-6
846,847,-359,102,-171,-119,-190,-44
847,848,-296,94,-125,-104,-153,-34
848,849,-304,137,-134,-66,-145,1
849,850,-329,172,-154,-42,-150,23
850,851,-425,269,-226,21,-174,85
851,852,-344,239,-167,18,-138,78
852,853,-612,357,-352,51,-239,119
853,854,-510,350,-283,77,-191,137
854,855,-518,343,-288,67,-197,129
855,856,-503,357,-278,87,-184,146
856,857,-414,320,-217,77,-150,133
857,858,-502,333,-278,61,-193,123
858,859,-512,328,-285,53,-200,117
859,860,-509,359,-282,88,-186,147
860,861,-250,147,-94,-39,-109,22
861,862,-329,188,-154,-26,-145,38
862,863,-288,200,-125,-1,-117,58
863,864,-370,266,-186,37,-144,96
864,865,-280,150,-116,-46,-127,17
865,866,-297,165,-130,-38,-133,25
866,867,-318,170,-146,-40,-145,25
867,868,-339,161,-161,-56,-160,12
868,869,-308,167,-138,-40,-139,25
869,870,-335,239,-161,21,-133,80
870,871,-430,229,-228,-21,-191,48
871,872,-329,210,-155,-5,-138,56
872,873,-389,217,-199,-19,-171,48
873,874,-370,255,-186,25,-148,85
874,875,-343,238,-167,17,-138,77
875,876,-270,175,-110,-19,-113,41
876,877,-401,228,-207,-11,-174,55
877,878,-367,184,-182,-43,-169,25
878,879,-434,226,-231,-25,-194,44
879,880,-382,208,-194,-25,-171,41
880,881,-329,152,-153,-61,-156,7
881,882,-352,226,-173,3,-147,65
882,883,-356,275,-176,50,-133,107
883,884,-373,274,-189,43,-144,101
884,885,-337,230,-162,12,-137,72
885,886,-329,235,-156,20,-131,78
886,887,-304,265,-139,58,-106,111
887,888,-283,243,-123,42,-101,96
888,889,-432,225,-230,-26,-193,44
889,890,-426,215,-225,-34,-193,36
890,891,-246,128,-90,-56,-112,7
891,892,-285,190,-122,-10,-118,50
892,893,-367,249,-184,20,-148,81
893,894,-1567,721,-737,376,-315,387
894,895,-3225,202,-858,405,-385,233
895,896,-3165,-628,15,730,-492,269
896,897,949,878,950,932,880,878
897,898,1354,-384,2859,305,656,319
898,899,1745,667,2194,736,1361,795
899,900,1725,811,1957,803,1441,851
900,901,1656,848,1714,794,1468,832
901,902,1883,782,1957,615,1725,715
902,903,1740,789,1756,675,1601,740
903,904,1990,750,2091,522,1848,657
904,905,2004,720,2082,470,1907,613
905,906,2025,689,2097,416,1965,570
906,907,2056,691,2145,402,1990,565
907,908,2243,656,2497,263,2089,501
908,909,2096,703,2219,397,1999,573
909,910,2122,698,2262,377,2021,562
910,911,2017,685,2084,415,1962,567
911,912,2080,664,2170,353,2045,527
912,913,2342,602,2600,95,2295,384
913,914,2213,658,2388,262,2147,487
914,915,2063,681,2150,384,2008,551
915,916,2089,673,2187,359,2041,536
916,917,2119,679,2238,349,2057,535
917,918,2080,701,2189,403,1993,573
918,919,2169,619,2291,236,2184,449
919,920,2103,669,2206,344,2060,526
920,921,2048,619,2114,318,2059,487
921,922,2045,634,2111,338,2041,504
922,923,2068,651,2147,344,2048,516
923,924,2132,633,2238,280,2131,477
924,925,1829,419,1851,238,1918,360
925,926,1832,442,1850,259,1909,380
926,927,1906,429,1948,204,2017,347
927,928,1899,426,1939,206,2009,347
928,929,1836,421,1860,236,1926,360
929,930,1903,416,1946,194,2020,337
930,931,1921,483,1957,250,2004,393
931,932,1853,487,1868,293,1912,416
932,933,1885,535,1902,324,1926,451
933,934,1965,521,2007,263,2036,415
934,935,1913,564,1935,340,1941,472
935,936,1901,533,1923,313,1947,445
936,937,1993,534,2043,259,2062,419
937,938,1987,474,2045,200,2097,364
938,939,1947,535,1982,289,2003,434
939,940,1877,480,1900,272,1948,402
940,941,1819,493,1825,317,1865,430
941,942,1858,503,1871,307,1909,429
942,943,2009,468,2076,179,2131,350
943,944,1938,488,1977,246,2023,392
944,945,2034,515,2101,212,2128,387
945,946,2030,486,2100,184,2145,361
946,947,2011,535,2067,250,2083,415
947,948,2018,515,2080,222,2108,392
948,949,2127,589,2226,229,2176,430
949,950,2206,511,2345,78,2346,318
950,951,2048,482,2125,167,2171,350
951,952,2136,495,2246,116,2275,330
952,953,2081,509,2167,173,2193,365
953,954,2175,541,2297,137,2280,362
954,955,2260,520,2425,43,2398,305
955,956,2233,495,2387,36,2395,290
956,957,2309,498,2504,-29,2480,259
957,958,2284,455,2472,-59,2502,224
958,959,2201,475,2343,40,2377,283
959,960,2237,443,2403,-28,2454,234
960,961,2042,474,2118,163,2169,345
961,962,1989,458,2051,182,2111,348
962,963,1941,432,1993,186,2063,339
963,964,1937,419,1990,176,2064,329
964,965,1936,457,1981,215,2040,364
965,966,1879,430,1913,221,1980,356
966,967,1895,410,1938,192,2013,334
967,968,1892,386,1941,170,2024,312
968,969,1940,442,1989,197,2055,349
969,970,1952,436,2007,184,2075,340
970,971,2009,314,2117,20,2238,207
971,972,1947,335,2026,85,2132,249
972,973,1906,457,1942,233,2000,374
973,974,1918,475,1954,244,2005,386
974,975,1979,508,2028,241,2062,399
975,976,2023,517,2085,222,2112,393
976,977,2005,434,2077,147,2148,320
977,978,2033,493,2103,189,2144,366
978,979,2035,495,2105,191,2144,368
979,980,2007,478,2071,191,2120,361
980,981,2029,477,2101,175,2151,353
981,982,2034,392,2128,82,2220,270
982,983,1972,403,2041,137,2124,303
983,984,2004,492,2065,208,2107,375
984,985,1953,483,1998,231,2046,383
985,986,1948,456,1997,207,2057,360
986,987,1932,480,1971,241,2020,387
987,988,1957,451,2009,196,2072,352
988,989,1888,545,1905,333,1923,460
989,990,1906,523,1930,301,1959,435
990,991,1917,447,1958,217,2020,361
991,992,1696,465,1678,346,1721,432
992,993,1600,495,1561,410,1590,474
993,994,1481,434,1435,388,1466,437
994,995,1418,427,1367,397,1394,437
995,996,1323,436,1263,424,1282,451
996,997,1194,351,1141,366,1152,386
997,998,1144,336,1092,357,1098,373
998,999,1151,307,1105,331,1110,350
999,1000,1120,306,1073,333,1075,349
1000,1001,1123,350,1069,371,1074,385
1001,1002,1136,438,1070,449,1077,458
1002,1003,1323,857,1308,869,1189,853
1003,1004,638,-4166,4906,-2282,-992,-2089
1004,1005,-43411,-155749,51595,-110893,-71106,-104824
1005,1006,1413,-1145,3476,-352,450,-234
1006,1007,1480,810,1807,957,1189,941
1007,1008,1487,886,1549,898,1300,897
1008,1009,1357,698,1290,674,1263,684
1009,1010,1296,646,1223,630,1213,637
1010,1011,1265,624,1190,613,1185,619
1011,1012,1227,585,1152,579,1153,584
1012,1013,1158,386,1099,400,1107,415
1013,1014,1155,407,1093,419,1100,432
1014,1015,1128,296,1083,323,1086,341
1015,1016,1124,315,1075,340,1078,356
1016,1017,1118,360,1062,381,1067,394
1017,1018,1135,363,1079,382,1084,396
1018,1019,1169,421,1105,431,1114,444
1019,1020,1167,420,1103,431,1112,443
1020,1021,1194,414,1131,422,1142,438
1021,1022,1227,373,1172,381,1185,403
1022,1023,1204,369,1148,381,1159,400
1023,1024,1237,410,1177,414,1190,433
1024,1025,1211,367,1156,379,1168,399
1025,1026,1210,342,1159,356,1171,377
1026,1027,1239,312,1195,326,1209,352
1027,1028,1251,331,1204,341,1219,367
1028,1029,1233,289,1194,306,1206,333
1029,1030,1236,281,1198,300,1211,327
1030,1031,1213,266,1176,289,1186,315
1031,1032,1207,285,1166,306,1176,331
1032,1033,1105,320,1056,346,1057,360
1033,1034,1115,321,1065,346,1068,361
1034,1035,1113,300,1067,327,1068,344
1035,1036,1135,288,1091,316,1094,335
1036,1037,1134,305,1087,331,1091,348
1037,1038,1144,304,1098,329,1102,348
1038,1039,1095,300,1048,329,1048,344
1039,1040,1089,314,1040,341,1040,355
1040,1041,1066,284,1023,317,1019,331
1041,1042,1105,276,1063,307,1062,325
1042,1043,1112,318,1062,344,1065,359
1043,1044,1125,295,1080,322,1082,340
1044,1045,1156,228,1125,262,1126,285
1045,1046,1160,239,1126,272,1129,295
1046,1047,1111,258,1072,291,1071,310
1047,1048,1131,298,1086,325,1089,343
1048,1049,1096,296,1051,325,1050,340
1049,1050,1069,278,1027,311,1023,326
1050,1051,1032,196,1005,242,990,259
1051,1052,1073,216,1042,257,1034,276
1052,1053,1093,222,1061,262,1055,281
1053,1054,1079,256,1041,291,1036,308
1054,1055,1100,206,1072,248,1065,268
1055,1056,1095,261,1056,295,1053,312
1056,1057,1103,181,1080,226,1072,248
1057,1058,1118,273,1077,304,1077,323
1058,1059,1142,263,1104,293,1106,314
1059,1060,1156,337,1104,357,1111,374
1060,1061,1123,198,1097,239,1093,262
1061,1062,1129,169,1109,214,1104,239
1062,1063,1102,175,1080,221,1071,243
1063,1064,1102,196,1075,239,1068,260
1064,1065,1097,247,1060,283,1057,301
1065,1066,1096,204,1068,246,1061,266
1066,1067,1131,123,1122,175,1113,202
1067,1068,1123,161,1105,208,1098,233
1068,1069,1121,207,1093,247,1089,269
1069,1070,1171,241,1138,272,1142,296
1070,1071,1143,238,1109,272,1110,294
1071,1072,1107,278,1065,309,1064,326
1072,1073,1153,480,1083,487,1090,494
1073,1074,1253,771,1706,1057,987,989
1074,1075,738,-2710,4044,-1067,-458,-1033
1075,1076,1365,-1250,3514,-396,383,-284
1076,1077,1844,137,2806,303,1229,441
1077,1078,1341,912,1474,1003,1149,969
1078,1079,1139,884,1138,930,1028,890
1079,1080,1102,704,1033,712,1018,695
1080,1081,1081,573,1007,580,1009,574
1081,1082,1122,651,1048,655,1042,645
1082,1083,1087,654,1015,661,1009,648
1083,1084,1138,614,1063,617,1061,612
1084,1085,970,619,901,630,902,613
1085,1086,818,596,761,605,768,584
1086,1087,667,566,627,565,639,544
1087,1088,685,508,642,509,649,494
1088,1089,628,490,593,487,600,473
1089,1090,603,483,572,477,579,464
1090,1091,563,473,537,462,545,450
1091,1092,590,467,560,460,566,449
1092,1093,539,455,517,442,523,432
1093,1094,545,458,523,446,529,436
1094,1095,582,404,557,399,553,393
1095,1096,561,418,537,410,537,403
1096,1097,569,370,548,366,539,364
1097,1098,590,408,563,404,560,398
1098,1099,502,388,489,373,485,370
1099,1100,499,486,483,467,495,455
1100,1101,520,421,503,407,504,400
1101,1102,501,416,486,400,488,394
1102,1103,531,383,514,373,509,369
1103,1104,528,411,510,399,509,393
1104,1105,598,412,570,409,568,403
1105,1106,621,367,593,370,583,367
1106,1107,604,374,578,375,569,371
1107,1108,569,346,549,344,537,343
1108,1109,589,329,568,332,552,332
1109,1110,562,318,546,318,528,319
1110,1111,565,283,552,287,528,291
1111,1112,628,274,609,287,583,291
1112,1113,633,384,603,387,595,383
1113,1114,671,385,636,392,629,388
1114,1115,665,377,631,385,623,381
1115,1116,692,374,656,384,646,381
1116,1117,633,465,598,463,602,452
1117,1118,669,433,631,436,630,428
1118,1119,607,766,604,778,617,731
1119,1120,-267,813,530,1269,231,1049
1120,1121,-1430,578,-12,1087,-111,830
1121,1122,-2282,231,-210,907,-280,604
1122,1123,-3011,-1344,675,719,-683,122
1123,1124,-362,855,381,1224,198,1022
1124,1125,523,757,532,761,556,714
1125,1126,572,632,550,624,572,596
1126,1127,608,663,584,661,603,628
1127,1128,605,603,575,597,593,572
1128,1129,472,522,461,499,480,483
1129,1130,464,485,454,460,468,448
1130,1131,533,395,515,384,511,380
1131,1132,532,376,515,367,509,364
1132,1133,538,370,521,362,513,360
1133,1134,570,347,550,345,538,344
1134,1135,567,376,545,371,538,368
1135,1136,589,426,561,421,561,413
1136,1137,593,394,567,391,562,386
1137,1138,585,395,560,391,555,386
1138,1139,531,450,511,436,516,427
1139,1140,585,416,559,411,557,405
1140,1141,509,408,494,393,494,388
1141,1142,529,394,512,383,508,378
1142,1143,527,413,508,401,508,395
1143,1144,545,406,525,396,523,391
1144,1145,537,387,518,377,513,374
1145,1146,544,381,525,373,519,370
1146,1147,545,375,526,368,519,365
1147,1148,545,363,527,357,518,355
1148,1149,537,370,520,362,512,359
1149,1150,539,364,522,357,513,355
1150,1151,578,382,554,378,547,374
1151,1152,553,358,535,353,524,351
1152,1153,567,353,547,350,535,349
1153,1154,586,350,564,350,552,349
1154,1155,558,313,543,313,525,315
1155,1156,600,319,579,324,562,325
1156,1157,548,325,533,322,517,323
1157,1158,536,336,521,330,507,331
1158,1159,522,362,508,352,499,350
1159,1160,556,369,537,364,528,361
1160,1161,546,359,529,353,519,352
1161,1162,546,376,527,369,520,366
1162,1163,533,392,515,381,511,377
1163,1164,533,389,515,379,511,375
1164,1165,602,377,576,377,568,373
1165,1166,611,401,582,400,578,394
1166,1167,576,324,558,325,541,326
1167,1168,612,293,593,303,570,305
1168,1169,617,329,593,335,577,335
1169,1170,638,297,616,309,594,311
1170,1171,601,427,572,423,572,415
1171,1172,589,688,571,687,592,651
1172,1173,127,891,696,1265,395,1079
1173,1174,131,902,677,1258,398,1076
1174,1175,589,951,730,1072,635,974
1175,1176,-1456,337,254,1155,-143,826
1176,1177,-213,937,242,1088,237,950
1177,1178,194,872,336,889,379,814
1178,1179,527,715,525,711,551,671
1179,1180,668,616,630,616,645,590
1180,1181,699,644,660,648,673,619
1181,1182,639,681,612,683,629,649
1182,1183,654,739,636,750,648,707
1183,1184,781,924,844,1011,757,935
1184,1185,626,957,905,1188,656,1061
1185,1186,761,936,1072,1199,727,1074
1186,1187,637,921,1018,1229,651,1086
1187,1188,543,919,954,1240,600,1088
1188,1189,624,803,1206,1253,611,1085
1189,1190,661,951,955,1196,674,1068
1190,1191,738,960,966,1162,724,1049
1191,1192,784,954,1028,1169,750,1056
1192,1193,817,958,1016,1144,774,1041
1193,1194,782,946,1054,1183,745,1065
1194,1195,821,926,1139,1194,760,1073
1195,1196,849,957,1039,1138,795,1038
1196,1197,853,955,986,1096,804,1006
1197,1198,822,952,1060,1165,773,1055
1198,1199,703,963,893,1136,706,1028
1199,1200,597,962,861,1178,640,1053
1200,1201,578,966,802,1149,631,1031
1201,1202,578,965,807,1153,630,1035
1202,1203,583,960,755,1104,633,998
1203,1204,646,964,863,1151,670,1037
1204,1205,671,963,899,1161,684,1045
1205,1206,733,952,854,1077,726,985
1206,1207,690,918,759,999,695,920
1207,1208,708,892,749,955,705,885
1208,1209,765,888,794,949,745,882
1209,1210,768,891,799,954,747,887
1210,1211,861,871,866,923,813,865
1211,1212,883,867,883,918,830,862
1212,1213,949,878,951,932,880,878
1213,1214,912,893,929,956,852,896
1214,1215,953,864,945,912,884,861
1215,1216,937,828,912,863,872,818
1216,1217,904,862,899,910,846,856
1217,1218,834,855,832,901,793,845
1218,1219,859,830,842,867,811,817
1219,1220,882,881,892,938,830,879
1220,1221,975,891,986,951,900,896
1221,1222,1011,892,1021,951,927,898
1222,1223,1007,927,1060,1014,918,950
1223,1224,910,896,929,961,850,900
1224,1225,972,866,964,914,899,864
1225,1226,993,808,955,836,918,798
1226,1227,995,811,958,840,920,802
1227,1228,976,785,932,810,905,774
1228,1229,989,754,935,773,916,742
1229,1230,960,839,938,877,890,831
1230,1231,921,792,884,819,860,779
1231,1232,956,778,911,802,888,766
1232,1233,884,827,863,863,831,815
1233,1234,872,888,888,948,822,887
1234,1235,683,916,1064,1225,675,1085
1235,1236,-222,99,1332,1206,86,882
1236,1237,3,578,1027,1302,284,1044
1237,1238,100,869,717,1276,381,1082
1238,1239,731,-654,2607,515,214,360
1239,1240,-920,-1386,2018,700,-532,227
1240,1241,690,889,1120,1234,671,1088
1241,1242,210,121,1614,1139,237,869
1242,1243,538,788,1164,1266,563,1087
1243,1244,744,962,943,1145,729,1037
1244,1245,673,963,854,1126,688,1019
1245,1246,725,957,865,1095,721,998
1246,1247,625,908,1038,1237,640,1089
1247,1248,703,963,902,1143,705,1033
1248,1249,683,934,774,1031,693,946
1249,1250,682,962,854,1120,693,1015
1250,1251,758,935,839,1033,742,951
1251,1252,789,924,851,1011,763,935
1252,1253,787,946,889,1062,762,976
1253,1254,748,937,835,1038,736,955
1254,1255,696,951,820,1075,702,981
1255,1256,780,926,846,1016,757,938
1256,1257,766,933,845,1030,748,949
1257,1258,771,934,851,1032,751,951
1258,1259,826,901,858,971,788,903
1259,1260,760,950,873,1072,744,982
1260,1261,706,960,941,1166,705,1050
1261,1262,705,962,929,1159,705,1045
1262,1263,702,947,998,1196,697,1070
1263,1264,657,962,901,1170,676,1050
1264,1265,723,963,904,1130,718,1025
1265,1266,721,963,906,1133,717,1027
1266,1267,756,962,945,1137,738,1032
1267,1268,771,959,990,1157,744,1047
1268,1269,785,956,1015,1163,752,1052
1269,1270,802,956,1027,1159,762,1051
1270,1271,717,962,938,1157,712,1045
1271,1272,778,943,1062,1187,741,1068
1272,1273,742,949,1020,1187,721,1066
1273,1274,735,889,1153,1226,697,1086
1274,1275,911,948,1130,1147,830,1047
1275,1276,996,912,1291,1156,868,1056
1276,1277,1104,913,1360,1120,946,1037
1277,1278,1252,921,1410,1046,1073,994
1278,1279,1213,929,1352,1049,1050,994
1279,1280,1207,916,1254,982,1070,940
1280,1281,1306,898,1336,938,1157,912
1281,1282,1309,893,1331,928,1161,904
1282,1283,1254,882,1256,916,1122,887
1283,1284,1280,899,1306,942,1135,913
1284,1285,1233,796,1183,802,1125,786
1285,1286,1228,811,1183,821,1118,802
1286,1287,1221,838,1189,857,1106,833
1287,1288,1256,833,1222,846,1138,827
1288,1289,1264,810,1220,816,1151,801
1289,1290,1254,820,1214,829,1139,812
1290,1291,1161,814,1118,832,1059,806
1291,1292,1146,836,1113,861,1043,831
1292,1293,1201,878,1197,914,1081,882
1293,1294,1162,898,1176,950,1043,909
1294,1295,1137,866,1122,903,1031,866
1295,1296,1161,825,1123,847,1058,819
1296,1297,1216,899,1235,947,1086,911
1297,1298,1201,845,1173,868,1088,841
1298,1299,1111,858,1091,894,1011,856
1299,1300,1121,868,1108,908,1017,869
1300,1301,1254,887,1262,924,1121,894
1301,1302,1211,826,1173,842,1101,819
1302,1303,1139,796,1090,812,1042,787
1303,1304,1037,846,1013,883,952,842
1304,1305,1164,805,1118,821,1063,797
1305,1306,1160,824,1122,845,1057,818
1306,1307,1075,824,1039,853,985,818
1307,1308,1098,824,1061,851,1004,818
1308,1309,1142,804,1096,822,1044,796
1309,1310,1184,769,1126,776,1086,759
1310,1311,1223,835,1190,853,1109,830
1311,1312,1172,844,1143,870,1063,841
1312,1313,1127,859,1107,894,1024,858
1313,1314,1168,860,1149,892,1057,859
1314,1315,1176,888,1180,933,1058,895
1315,1316,1173,848,1147,875,1064,845
1316,1317,986,948,1162,1116,885,1030
1317,1318,975,634,1669,1120,753,993
1318,1319,1487,289,2394,683,979,687
1319,1320,1050,743,1595,1129,837,1020
1320,1321,863,912,903,989,816,921
1321,1322,789,886,813,946,761,881
1322,1323,1178,933,1283,1038,1033,983
1323,1324,1536,642,2072,859,1155,859
1324,1325,1090,848,1477,1135,904,1040
1325,1326,1253,840,1603,1071,1018,1007
1326,1327,1131,926,1339,1100,975,1026
1327,1328,974,925,1245,1155,859,1055
1328,1329,1044,946,1185,1088,930,1012
1329,1330,973,950,1103,1089,884,1009
1330,1331,932,953,1064,1094,856,1010
1331,1332,938,948,1042,1070,863,991
1332,1333,1136,903,1155,961,1021,916
1333,1334,1153,892,1160,941,1038,900
1334,1335,1171,887,1174,932,1054,894
1335,1336,1169,880,1166,921,1054,885
1336,1337,1195,775,1139,782,1095,765
1337,1338,1154,730,1089,736,1064,721
1338,1339,1152,690,1080,693,1066,682
1339,1340,1145,698,1075,703,1058,690
1340,1341,1125,709,1057,715,1039,700
1341,1342,1074,705,1007,715,993,696
1342,1343,1057,731,995,744,976,721
1343,1344,1083,743,1022,756,999,733
1344,1345,1086,732,1023,744,1002,722
1345,1346,1115,733,1051,742,1028,723
1346,1347,1155,732,1090,738,1064,723
1347,1348,1113,786,1062,803,1021,777
1348,1349,1162,750,1100,757,1068,740
1349,1350,1125,781,1072,796,1032,772
1350,1351,1167,805,1120,820,1066,797
1351,1352,1210,840,1179,860,1097,835
1352,1353,1215,831,1180,847,1103,824
1353,1354,1179,823,1139,841,1073,816
1354,1355,1174,837,1141,861,1066,832
1355,1356,1236,816,1194,827,1124,808
1356,1357,1207,792,1156,801,1103,783
1357,1358,1277,764,1219,759,1172,752
1358,1359,1215,689,1144,686,1126,680
1359,1360,1257,680,1184,671,1168,670
1360,1361,1198,666,1124,663,1112,659
1361,1362,1149,673,1076,676,1065,666
1362,1363,1206,744,1142,746,1109,734
1363,1364,1176,723,1109,726,1085,713
1364,1365,1165,691,1094,693,1079,682
1365,1366,1152,679,1080,682,1067,672
1366,1367,1173,718,1105,721,1082,708
1367,1368,1092,718,1026,728,1008,708
1368,1369,980,880,981,933,904,881
1369,1370,882,863,880,911,829,856
1370,1371,618,869,657,916,640,848
1371,1372,656,845,674,883,662,822
1372,1373,608,826,626,855,626,796
1373,1374,585,766,586,777,601,729
1374,1375,553,770,560,780,579,731
1375,1376,596,783,600,799,611,748
1376,1377,531,774,544,783,564,733
1377,1378,535,758,542,764,564,716
1378,1379,545,751,548,756,570,710
1379,1380,568,725,561,727,582,686
1380,1381,530,829,564,854,573,793
1381,1382,532,780,546,790,566,739
1382,1383,491,837,537,863,549,800
1383,1384,419,842,483,864,504,798
1384,1385,350,855,438,877,464,808
1385,1386,311,862,414,885,443,813
1386,1387,294,857,398,876,431,805
1387,1388,336,862,432,887,458,816
1388,1389,397,855,474,881,493,812
1389,1390,368,845,446,863,472,797
1390,1391,420,803,466,810,495,753
1391,1392,462,746,480,742,511,696
1392,1393,520,772,534,779,556,729
1393,1394,492,795,520,806,542,752
1394,1395,473,791,503,798,527,745
1395,1396,489,797,518,808,540,753
1396,1397,545,765,552,772,572,724
1397,1398,495,795,522,806,543,751
1398,1399,542,806,564,824,577,769
1399,1400,528,811,555,830,569,773
1400,1401,544,730,542,730,566,688
1401,1402,602,738,592,745,609,702
1402,1403,565,786,575,800,590,748
1403,1404,491,778,513,784,537,733
1404,1405,567,769,571,779,588,730
1405,1406,567,831,595,860,599,800
1406,1407,557,849,596,885,596,820
1407,1408,462,955,793,1204,564,1063
1408,1409,807,901,842,969,775,902
1409,1410,-272,920,294,1154,226,989
1410,1411,-127,943,294,1098,273,961
1411,1412,-216,909,379,1195,251,1018
1412,1413,212,895,754,1266,433,1085
1413,1414,-102,527,1007,1300,235,1028
1414,1415,305,855,895,1282,468,1094
1415,1416,450,948,811,1218,557,1072
1416,1417,584,961,758,1107,634,1000
1417,1418,564,957,726,1090,621,987
1418,1419,550,964,751,1125,614,1013
1419,1420,593,945,719,1055,636,961
1420,1421,571,908,650,978,615,898
1421,1422,600,933,704,1027,638,939
1422,1423,561,940,684,1042,615,949
1423,1424,457,951,627,1069,556,966
1424,1425,381,946,560,1053,511,950
1425,1426,453,953,630,1077,554,972
1426,1427,657,926,740,1013,674,930
1427,1428,515,945,658,1055,589,957
1428,1429,326,961,649,1176,493,1038
1429,1430,349,963,604,1127,502,1004
1430,1431,396,954,592,1081,522,972
1431,1432,357,941,533,1040,496,939
1432,1433,401,922,535,998,514,908
1433,1434,449,930,582,1016,545,924
1434,1435,413,920,542,995,521,906
1435,1436,440,929,573,1014,539,922
1436,1437,453,926,579,1008,546,917
1437,1438,567,893,634,953,610,877
1438,1439,623,868,661,915,643,848
1439,1440,603,888,659,946,633,873
1440,1441,580,803,594,823,603,768
1441,1442,578,825,601,852,606,793
1442,1443,606,810,617,834,622,779
1443,1444,611,810,622,834,626,779
1444,1445,648,797,648,820,651,768
1445,1446,638,807,643,832,645,778
1446,1447,653,809,657,836,656,782
1447,1448,635,798,637,820,642,768
1448,1449,667,797,663,821,664,769
1449,1450,675,826,682,858,674,802
1450,1451,460,912,568,981,547,896
1451,1452,325,961,571,1110,487,991
