frame,res,X,Y
1,"[[ 0.07206037]
 [ 0.24306578]
 [-0.96732948]]",1229.0,289.0
2,"[[ 0.07292181]
 [ 0.24219186]
 [-0.96748411]]",1053.0,330.0
3,"[[ 0.07645682]
 [ 0.24556575]
 [-0.96636009]]",921.0,362.0
4,"[[ 0.07968335]
 [ 0.24552688]
 [-0.96610927]]",822.0,386.0
5,"[[ 0.08231179]
 [ 0.24656227]
 [-0.96562509]]",747.0,405.0
6,"[[ 0.08145319]
 [ 0.23392828]
 [-0.96883587]]",693.0,409.0
7,"[[ 0.07496092]
 [ 0.25444558]
 [-0.96417753]]",658.0,430.0
8,"[[ 0.07723086]
 [ 0.26342862]
 [-0.96158242]]",631.0,451.0
9,"[[ 0.0828187 ]
 [ 0.25439592]
 [-0.9635475 ]]",607.0,460.0
10,"[[ 0.08302991]
 [ 0.25759469]
 [-0.96267908]]",590.0,470.0
11,"[[ 0.07403833]
 [ 0.25287594]
 [-0.96466164]]",584.0,472.0
12,"[[ 0.06337188]
 [ 0.25750763]
 [-0.96419595]]",589.0,477.0
13,"[[ 0.03095405]
 [ 0.2905803 ]
 [-0.9563498 ]]",619.0,511.0
14,"[[ 0.01765518]
 [ 0.2974256 ]
 [-0.95458175]]",653.0,544.0
15,"[[ 0.02366959]
 [ 0.29534816]
 [-0.95509644]]",673.0,566.0
16,"[[-3.52933304e-04]
 [ 2.99765065e-01]
 [-9.54012988e-01]]",708.0,585.0
17,"[[ 0.01264651]
 [ 0.29596181]
 [-0.95511605]]",722.0,594.0
18,"[[ 0.01299001]
 [ 0.29708056]
 [-0.95476405]]",733.0,602.0
19,"[[ 0.02059194]
 [ 0.29489888]
 [-0.95530656]]",734.0,605.0
20,"[[ 0.01711741]
 [ 0.30098541]
 [-0.95347511]]",738.0,614.0
21,"[[ 0.01469931]
 [ 0.30280369]
 [-0.95293959]]",743.0,623.0
22,"[[ 0.01641627]
 [ 0.29952597]
 [-0.95394691]]",746.0,627.0
23,"[[ 0.02219191]
 [ 0.29227016]
 [-0.95607828]]",743.0,624.0
24,"[[ 0.02961672]
 [ 0.2956009 ]
 [-0.95485232]]",735.0,625.0
25,"[[ 0.03496431]
 [ 0.29392708]
 [-0.95518813]]",724.0,625.0
26,"[[ 0.04824973]
 [ 0.30167401]
 [-0.95218945]]",704.0,631.0
27,"[[ 0.02387639]
 [ 0.28799827]
 [-0.95733323]]",711.0,624.0
28,"[[ 0.00957748]
 [ 0.2805559 ]
 [-0.9597899 ]]",727.0,613.0
29,"[[-0.00530098]
 [ 0.27831609]
 [-0.96047491]]",752.0,602.0
30,"[[-1.65156497e-04]
 [ 2.80601124e-01]
 [-9.59824454e-01]]",765.0,597.0
31,"[[ 0.00409633]
 [ 0.28458458]
 [-0.95864218]]",771.0,596.0
32,"[[ 0.00211408]
 [ 0.28096313]
 [-0.95971623]]",777.0,593.0
33,"[[-0.00157592]
 [ 0.28054398]
 [-0.95983988]]",784.0,588.0
34,"[[ 0.0030218 ]
 [ 0.28560397]
 [-0.95834297]]",785.0,589.0
35,"[[ 0.00367585]
 [ 0.28713184]
 [-0.95788402]]",785.0,589.0
36,"[[ 0.00811193]
 [ 0.29105492]
 [-0.95667196]]",782.0,594.0
37,"[[ 0.01368836]
 [ 0.30176218]
 [-0.95328496]]",775.0,607.0
38,"[[ 0.01344522]
 [ 0.30381966]
 [-0.95263468]]",770.0,619.0
39,"[[ 0.02955968]
 [ 0.30593217]
 [-0.95159431]]",753.0,630.0
40,"[[ 0.00514266]
 [ 0.3046441 ]
 [-0.95245237]]",761.0,636.0
41,"[[ 0.00245811]
 [ 0.30390492]
 [-0.9526992 ]]",769.0,640.0
42,"[[ 0.00575436]
 [ 0.30307027]
 [-0.95295084]]",772.0,641.0
43,"[[ 0.00521798]
 [ 0.30195047]
 [-0.95330933]]",775.0,641.0
44,"[[ 0.01108368]
 [ 0.29695015]
 [-0.95482866]]",772.0,637.0
45,"[[ 0.02784168]
 [ 0.30777227]
 [-0.95105261]]",756.0,644.0
46,"[[ 0.02213777]
 [ 0.3010746 ]
 [-0.95334359]]",749.0,644.0
47,"[[ 0.0081133 ]
 [ 0.28099634]
 [-0.95967454]]",757.0,627.0
48,"[[ 0.02326691]
 [ 0.28513452]
 [-0.95820507]]",749.0,617.0
49,"[[ 0.02186552]
 [ 0.29425093]
 [-0.95547804]]",745.0,617.0
50,"[[ 0.01966551]
 [ 0.29275085]
 [-0.95598651]]",744.0,616.0
51,"[[ 0.00240858]
 [ 0.29471169]
 [-0.95558318]]",757.0,616.0
52,"[[ 0.00536135]
 [ 0.29292723]
 [-0.95611971]]",765.0,615.0
53,"[[ 0.00997399]
 [ 0.2969327 ]
 [-0.95484632]]",768.0,619.0
54,"[[ 0.01042501]
 [ 0.29740859]
 [-0.95469338]]",769.0,623.0
55,"[[ 0.01063364]
 [ 0.29541124]
 [-0.95531101]]",770.0,624.0
56,"[[ 0.01506437]
 [ 0.29612267]
 [-0.95503111]]",767.0,624.0
57,"[[ 0.03063619]
 [ 0.28625332]
 [-0.95766407]]",751.0,614.0
58,"[[ 0.02252762]
 [ 0.29088211]
 [-0.95649365]]",747.0,610.0
59,"[[ 0.0036441 ]
 [ 0.2889045 ]
 [-0.95735098]]",759.0,606.0
60,"[[ 0.11481964]
 [ 0.29050625]
 [-0.94995924]]",674.0,606.0
61,"[[ 0.23332331]
 [ 0.30668645]
 [-0.92276956]]",506.0,627.0
62,"[[ 0.23405408]
 [ 0.30686869]
 [-0.92252387]]",383.0,643.0
63,"[[ 0.23404143]
 [ 0.30557004]
 [-0.92295805]]",294.0,652.0
64,"[[ 0.23308176]
 [ 0.30722498]
 [-0.92265145]]",229.0,660.0
65,"[[ 0.22419832]
 [ 0.30677383]
 [-0.92499996]]",189.0,667.0
66,"[[ 0.23193122]
 [ 0.31105927]
 [-0.92165614]]",152.0,676.0
67,"[[ 0.22070835]
 [ 0.29905217]
 [-0.9283618 ]]",135.0,672.0
68,"[[ 0.22981082]
 [ 0.30064909]
 [-0.92563335]]",114.0,671.0
69,"[[ 0.22053608]
 [ 0.30902769]
 [-0.92513011]]",107.0,678.0
70,"[[ 0.22518082]
 [ 0.30895628]
 [-0.92403442]]",97.0,683.0
71,"[[ 0.21514393]
 [ 0.30312297]
 [-0.92834775]]",101.0,681.0
72,"[[ 0.23075792]
 [ 0.3047415 ]
 [-0.92405812]]",88.0,681.0
73,"[[ 0.13189475]
 [ 0.25027173]
 [-0.95914954]]",169.0,629.0
74,"[[ 0.04729511]
 [ 0.14173974]
 [-0.98877349]]",300.0,496.0
75,"[[ 0.01577491]
 [ 0.09422834]
 [-0.99542562]]",421.0,359.0
76,"[[ 0.05395706]
 [ 0.03304378]
 [-0.99799637]]",479.0,210.0
77,"[[ 0.09950864]
 [ 0.11709121]
 [-0.98812331]]",483.0,170.0
78,"[[ 0.15046747]
 [ 0.16895349]
 [-0.97407097]]",443.0,185.0
79,"[[ 0.22430694]
 [ 0.26541913]
 [-0.93767749]]",344.0,285.0
80,"[[ 0.242221  ]
 [ 0.29301274]
 [-0.92491758]]",254.0,385.0
81,"[[ 0.25559686]
 [ 0.29904799]
 [-0.91936964]]",176.0,464.0
82,"[[ 0.2580336 ]
 [ 0.29587295]
 [-0.91971618]]",117.0,519.0
83,"[[ 0.27178548]
 [ 0.29888587]
 [-0.91476767]]",62.0,562.0
84,"[[ 0.26298232]
 [ 0.29685436]
 [-0.91799662]]",29.0,591.0
85,"[[ 0.26682794]
 [ 0.30755692]
 [-0.91335184]]",1.0,622.0
86,"[[ 0.26605692]
 [ 0.30660194]
 [-0.91389768]]",-18.0,644.0
87,"[[ 0.26443953]
 [ 0.32166317]
 [-0.90917795]]",-33.0,676.0
88,"[[ 0.25790702]
 [ 0.31240109]
 [-0.91426995]]",-37.0,691.0
89,"[[ 0.25095234]
 [ 0.31797128]
 [-0.91428507]]",-33.0,706.0
90,"[[ 0.25084613]
 [ 0.32848691]
 [-0.91058913]]",-32.0,727.0
91,"[[ 0.26284265]
 [ 0.29945171]
 [-0.91719268]]",-40.0,714.0
92,"[[ 0.24683912]
 [ 0.30685844]
 [-0.91918896]]",-32.0,711.0
93,"[[ 0.26338088]
 [ 0.30002227]
 [-0.91685176]]",-40.0,702.0
94,"[[ 0.26232697]
 [ 0.29911037]
 [-0.91745166]]",-45.0,695.0
95,"[[ 0.27160188]
 [ 0.30041567]
 [-0.91432097]]",-56.0,690.0
96,"[[ 0.27365595]
 [ 0.30361216]
 [-0.91265112]]",-68.0,691.0
97,"[[ 0.27572328]
 [ 0.300846  ]
 [-0.91294488]]",-78.0,690.0
98,"[[ 0.27451606]
 [ 0.30225256]
 [-0.91284408]]",-86.0,690.0
99,"[[ 0.27449174]
 [ 0.29716398]
 [-0.91452056]]",-89.0,684.0
100,"[[ 0.26888961]
 [ 0.3136095 ]
 [-0.91068516]]",-87.0,694.0
101,"[[ 0.26771398]
 [ 0.32486355]
 [-0.90707933]]",-87.0,714.0
102,"[[ 0.26728593]
 [ 0.32647838]
 [-0.90662566]]",-85.0,728.0
103,"[[ 0.24708431]
 [ 0.33850688]
 [-0.90794407]]",-66.0,749.0
104,"[[ 0.25216861]
 [ 0.32183909]
 [-0.91259553]]",-54.0,747.0
105,"[[ 0.25963128]
 [ 0.32553575]
 [-0.90918539]]",-51.0,749.0
106,"[[ 0.26194124]
 [ 0.32463917]
 [-0.90884333]]",-50.0,749.0
107,"[[ 0.22387031]
 [ 0.29792257]
 [-0.9279678 ]]",-12.0,720.0
108,"[[ 0.06398942]
 [ 0.24507766]
 [-0.96738942]]",154.0,647.0
109,"[[ 0.0181022 ]
 [ 0.22523709]
 [-0.9741358 ]]",312.0,575.0
110,"[[ 0.00634087]
 [ 0.21486252]
 [-0.97662372]]",438.0,515.0
111,"[[-0.01040573]
 [ 0.21151727]
 [-0.97731887]]",543.0,468.0
112,"[[-0.00884561]
 [ 0.21162445]
 [-0.97731103]]",619.0,433.0
113,"[[ 0.1003147 ]
 [ 0.15806816]
 [-0.98231941]]",585.0,364.0
114,"[[ 0.23223309]
 [ 0.14059974]
 [-0.96244455]]",448.0,302.0
115,"[[ 0.22434101]
 [ 0.12126038]
 [-0.96693693]]",355.0,239.0
116,"[[ 0.2416709 ]
 [ 0.13945947]
 [-0.96028446]]",272.0,210.0
117,"[[ 0.24520058]
 [ 0.13840073]
 [-0.95954256]]",208.0,187.0
118,"[[ 0.24059038]
 [ 0.14115401]
 [-0.96030819]]",166.0,173.0
119,"[[ 0.25555479]
 [ 0.16164546]
 [-0.95318545]]",122.0,181.0
120,"[[ 0.25629369]
 [ 0.17498855]
 [-0.95062745]]",88.0,197.0
121,"[[ 0.34297212]
 [ 0.18421303]
 [-0.92110568]]",-17.0,222.0
122,"[[ 0.33477731]
 [ 0.17356309]
 [-0.92617493]]",-86.0,230.0
123,"[[ 0.34411333]
 [ 0.16452882]
 [-0.9244005 ]]",-145.0,228.0
124,"[[ 0.34449405]
 [ 0.16438071]
 [-0.92428504]]",-189.0,226.0
125,"[[ 0.34599853]
 [ 0.1660646 ]
 [-0.92342166]]",-224.0,227.0
126,"[[ 0.34549413]
 [ 0.16207056]
 [-0.92431972]]",-248.0,224.0
127,"[[ 0.34855461]
 [ 0.17366562]
 [-0.92105914]]",-270.0,233.0
128,"[[ 0.35420426]
 [ 0.17817225]
 [-0.91803812]]",-291.0,243.0
129,"[[ 0.37524158]
 [ 0.16528116]
 [-0.91207231]]",-328.0,241.0
130,"[[ 0.37372044]
 [ 0.16053365]
 [-0.91354364]]",-354.0,235.0
131,"[[ 0.37822351]
 [ 0.15500678]
 [-0.91264444]]",-374.0,225.0
132,"[[ 0.40346581]
 [ 0.17639681]
 [-0.89783044]]",-416.0,239.0
133,"[[ 0.38278709]
 [ 0.16320712]
 [-0.90930604]]",-423.0,236.0
134,"[[ 0.37062509]
 [ 0.15707788]
 [-0.91540351]]",-415.0,227.0
135,"[[ 0.36468533]
 [ 0.16133905]
 [-0.91704652]]",-403.0,223.0
136,"[[ 0.31854063]
 [ 0.18159233]
 [-0.93035267]]",-351.0,236.0
137,"[[ 0.31984407]
 [ 0.17420732]
 [-0.93131712]]",-314.0,239.0
138,"[[ 0.32119827]
 [ 0.17265034]
 [-0.93114098]]",-289.0,240.0
139,"[[ 0.30594022]
 [ 0.18292558]
 [-0.93431195]]",-256.0,249.0
140,"[[ 0.29595798]
 [ 0.18353627]
 [-0.93740243]]",-222.0,256.0
141,"[[ 0.2930741 ]
 [ 0.17962382]
 [-0.93906488]]",-194.0,257.0
142,"[[ 0.2868147 ]
 [ 0.17354126]
 [-0.94213627]]",-166.0,252.0
143,"[[ 0.30774562]
 [ 0.18918316]
 [-0.93247111]]",-166.0,263.0
144,"[[ 0.31540537]
 [ 0.19076033]
 [-0.9295859 ]]",-174.0,273.0
145,"[[ 0.31374915]
 [ 0.19151533]
 [-0.92999105]]",-178.0,281.0
146,"[[ 0.30716595]
 [ 0.1859667 ]
 [-0.93330888]]",-176.0,282.0
147,"[[ 0.3055207 ]
 [ 0.17430285]
 [-0.93609594]]",-172.0,272.0
148,"[[ 0.30340267]
 [ 0.17749234]
 [-0.9361855 ]]",-168.0,268.0
149,"[[ 0.32025996]
 [ 0.19044417]
 [-0.92798953]]",-184.0,278.0
150,"[[ 0.3467462 ]
 [ 0.18455333]
 [-0.91962337]]",-219.0,281.0
151,"[[ 0.31875525]
 [ 0.17781074]
 [-0.93100936]]",-219.0,276.0
152,"[[ 0.31308973]
 [ 0.17186733]
 [-0.93404306]]",-214.0,267.0
153,"[[ 0.30991572]
 [ 0.15939162]
 [-0.93730815]]",-207.0,249.0
154,"[[ 0.31115148]
 [ 0.16892743]
 [-0.93522633]]",-203.0,244.0
155,"[[ 0.30893202]
 [ 0.16722161]
 [-0.93626809]]",-199.0,239.0
156,"[[ 0.31560924]
 [ 0.16825528]
 [-0.93385276]]",-202.0,236.0
157,"[[ 0.3029567 ]
 [ 0.16384461]
 [-0.93881424]]",-192.0,230.0
158,"[[ 0.29247025]
 [ 0.17110054]
 [-0.94084311]]",-175.0,231.0
159,"[[ 0.28697664]
 [ 0.17648963]
 [-0.94153907]]",-158.0,236.0
160,"[[ 0.13886337]
 [ 0.16179446]
 [-0.97700538]]",-14.0,223.0
161,"[[-0.16027336]
 [ 0.15771439]
 [-0.97439141]]",335.0,210.0
162,"[[-0.17443378]
 [ 0.15732649]
 [-0.97201915]]",604.0,201.0
163,"[[-0.17804655]
 [ 0.16151122]
 [-0.97067685]]",802.0,198.0
164,"[[-0.17440469]
 [ 0.16487134]
 [-0.97077312]]",943.0,198.0
165,"[[-0.17864422]
 [ 0.17227849]
 [-0.96871377]]",1050.0,205.0
166,"[[-0.17642944]
 [ 0.16608443]
 [-0.9702003 ]]",1126.0,205.0
167,"[[-0.18175173]
 [ 0.17665284]
 [-0.96734693]]",1186.0,213.0
168,"[[-0.17958562]
 [ 0.17552683]
 [-0.96795627]]",1228.0,219.0
169,"[[-0.18415796]
 [ 0.16795651]
 [-0.96844022]]",1264.0,217.0
170,"[[-0.20624366]
 [ 0.16043978]
 [-0.96525781]]",1307.0,210.0
171,"[[-0.22099273]
 [ 0.16202947]
 [-0.96172172]]",1351.0,206.0
172,"[[-0.21858011]
 [ 0.17212981]
 [-0.9605176 ]]",1381.0,211.0
173,"[[-0.21787917]
 [ 0.17667637]
 [-0.9598511 ]]",1403.0,219.0
174,"[[-0.2276062 ]
 [ 0.16770803]
 [-0.9592025 ]]",1429.0,218.0
175,"[[-0.23332783]
 [ 0.18014566]
 [-0.95556563]]",1453.0,228.0
176,"[[-0.23553763]
 [ 0.17799098]
 [-0.95542725]]",1474.0,234.0
177,"[[-0.23758976]
 [ 0.17928983]
 [-0.954676  ]]",1491.0,239.0
178,"[[-0.23719709]
 [ 0.17903413]
 [-0.95482162]]",1503.0,243.0
179,"[[-0.23200417]
 [ 0.16691766]
 [-0.95828626]]",1508.0,235.0
180,"[[-0.23307356]
 [ 0.16979467]
 [-0.95752101]]",1511.0,232.0
181,"[[-0.23686091]
 [ 0.1626663 ]
 [-0.9578291 ]]",1517.0,224.0
182,"[[-0.24195228]
 [ 0.16029506]
 [-0.9569559 ]]",1526.0,216.0
183,"[[-0.23730012]
 [ 0.16474518]
 [-0.95736497]]",1528.0,213.0
184,"[[-0.23585097]
 [ 0.15940494]
 [-0.9586263 ]]",1528.0,207.0
185,"[[-0.23532552]
 [ 0.1641842 ]
 [-0.95794856]]",1528.0,207.0
186,"[[-0.23438148]
 [ 0.16417534]
 [-0.9581815 ]]",1528.0,206.0
187,"[[-0.23756072]
 [ 0.16054318]
 [-0.95801398]]",1530.0,203.0
188,"[[-0.24000117]
 [ 0.16022956]
 [-0.95745805]]",1534.0,201.0
189,"[[-0.23899111]
 [ 0.16317566]
 [-0.95721312]]",1536.0,202.0
190,"[[-0.2397008 ]
 [ 0.16339435]
 [-0.95699834]]",1538.0,202.0
191,"[[-0.22755054]
 [ 0.16727807]
 [-0.95929078]]",1529.0,206.0
192,"[[-0.2145392 ]
 [ 0.16565265]
 [-0.96256539]]",1511.0,207.0
193,"[[-0.21724301]
 [ 0.14197309]
 [-0.9657376 ]]",1499.0,188.0
194,"[[-0.21621786]
 [ 0.14575762]
 [-0.96540383]]",1489.0,176.0
195,"[[-0.21286306]
 [ 0.15192698]
 [-0.96519817]]",1479.0,173.0
196,"[[-0.20953604]
 [ 0.16121868]
 [-0.96441858]]",1469.0,178.0
197,"[[-0.20838085]
 [ 0.15482374]
 [-0.96571581]]",1461.0,176.0
198,"[[-0.21139096]
 [ 0.16084855]
 [-0.96407552]]",1458.0,181.0
199,"[[-0.21050574]
 [ 0.16081308]
 [-0.96427511]]",1456.0,184.0
200,"[[-0.20754314]
 [ 0.15598988]
 [-0.96570855]]",1452.0,182.0
201,"[[-0.21715819]
 [ 0.14107968]
 [-0.9658876 ]]",1455.0,168.0
202,"[[-0.21761807]
 [ 0.14408739]
 [-0.96533994]]",1458.0,161.0
203,"[[-0.21960213]
 [ 0.15038253]
 [-0.96392946]]",1463.0,160.0
204,"[[-0.2201272 ]
 [ 0.14760355]
 [-0.96423919]]",1467.0,158.0
205,"[[-0.20615818]
 [ 0.1575735 ]
 [-0.9657481 ]]",1457.0,165.0
206,"[[-0.2047403 ]
 [ 0.15426215]
 [-0.96658398]]",1449.0,166.0
207,"[[-0.20047486]
 [ 0.15922212]
 [-0.96667375]]",1438.0,172.0
208,"[[-0.20482801]
 [ 0.15762841]
 [-0.96602214]]",1435.0,175.0
209,"[[-0.20583562]
 [ 0.15231524]
 [-0.96666011]]",1433.0,172.0
210,"[[-0.20826523]
 [ 0.15333367]
 [-0.96597846]]",1433.0,171.0
211,"[[-0.20781052]
 [ 0.15220044]
 [-0.96625556]]",1432.0,169.0
212,"[[-0.2154964 ]
 [ 0.14731398]
 [-0.9653289 ]]",1438.0,164.0
213,"[[-0.060993  ]
 [ 0.17241451]
 [-0.98313432]]",1315.0,178.0
214,"[[ 0.03183506]
 [ 0.18662683]
 [-0.98191494]]",1149.0,200.0
215,"[[ 0.06018191]
 [ 0.2049966 ]
 [-0.97691071]]",1006.0,232.0
216,"[[ 0.05912382]
 [ 0.20343146]
 [-0.97730242]]",901.0,254.0
217,"[[ 0.05211441]
 [ 0.16547603]
 [-0.98483591]]",831.0,238.0
218,"[[ 0.05901455]
 [ 0.1616944 ]
 [-0.98507472]]",774.0,224.0
219,"[[ 0.05365078]
 [ 0.16209459]
 [-0.98531565]]",737.0,214.0
220,"[[ 0.05862513]
 [ 0.16219537]
 [-0.98501561]]",706.0,206.0
221,"[[ 0.05498561]
 [ 0.15665809]
 [-0.9861211 ]]",686.0,197.0
222,"[[ 0.09012956]
 [ 0.16565344]
 [-0.98205682]]",642.0,197.0
223,"[[ 0.10870042]
 [ 0.1608933 ]
 [-0.98096767]]",595.0,194.0
224,"[[ 0.10581475]
 [ 0.16596442]
 [-0.98043819]]",562.0,196.0
225,"[[ 0.10243564]
 [ 0.16888358]
 [-0.98029856]]",541.0,200.0
226,"[[ 0.10457487]
 [ 0.17081984]
 [-0.97973705]]",524.0,204.0
227,"[[ 0.1098072 ]
 [ 0.16050805]
 [-0.98090751]]",508.0,199.0
228,"[[ 0.11011819]
 [ 0.16205839]
 [-0.98061769]]",495.0,196.0
229,"[[ 0.11654547]
 [ 0.16602162]
 [-0.97921089]]",481.0,198.0
230,"[[ 0.12033501]
 [ 0.17772469]
 [-0.97669515]]",467.0,209.0
231,"[[ 0.11890705]
 [ 0.18400612]
 [-0.97570634]]",457.0,223.0
232,"[[ 0.11511728]
 [ 0.18379357]
 [-0.97620077]]",454.0,232.0
233,"[[ 0.12381984]
 [ 0.17915309]
 [-0.97599837]]",444.0,235.0
234,"[[ 0.11869978]
 [ 0.18140917]
 [-0.97621774]]",441.0,239.0
235,"[[ 0.12012234]
 [ 0.18899072]
 [-0.97460409]]",438.0,248.0
236,"[[ 0.11884951]
 [ 0.18563417]
 [-0.97540491]]",436.0,252.0
237,"[[ 0.11702861]
 [ 0.18030703]
 [-0.97662361]]",437.0,251.0
238,"[[ 0.11511395]
 [ 0.18213523]
 [-0.97651192]]",439.0,251.0
239,"[[ 0.11215099]
 [ 0.1786572 ]
 [-0.97749873]]",443.0,249.0
240,"[[ 0.11046122]
 [ 0.18248362]
 [-0.97698416]]",447.0,250.0
241,"[[ 0.12021188]
 [ 0.16940596]
 [-0.97818747]]",442.0,240.0
242,"[[ 0.11978828]
 [ 0.16918717]
 [-0.9782773 ]]",438.0,233.0
243,"[[ 0.12561043]
 [ 0.16905617]
 [-0.97756945]]",431.0,228.0
244,"[[ 0.12463691]
 [ 0.16400454]
 [-0.97855411]]",426.0,220.0
245,"[[ 0.11910859]
 [ 0.16197298]
 [-0.97958047]]",427.0,213.0
246,"[[ 0.12200109]
 [ 0.1666692 ]
 [-0.97843605]]",425.0,211.0
247,"[[ 0.11921591]
 [ 0.1593318 ]
 [-0.98000048]]",427.0,204.0
248,"[[ 0.11771035]
 [ 0.16563921]
 [-0.97913632]]",430.0,203.0
249,"[[ 0.12325566]
 [ 0.16878766]
 [-0.97791552]]",427.0,206.0
250,"[[ 0.1215355 ]
 [ 0.17956741]
 [-0.97620933]]",425.0,217.0
251,"[[ 0.12438272]
 [ 0.17617666]
 [-0.9764685 ]]",422.0,223.0
252,"[[ 0.11848403]
 [ 0.16559899]
 [-0.9790498 ]]",424.0,218.0
253,"[[ 0.12969475]
 [ 0.16913864]
 [-0.97702169]]",417.0,217.0
254,"[[ 0.12615984]
 [ 0.17903368]
 [-0.97572057]]",415.0,225.0
255,"[[ 0.12534084]
 [ 0.18099803]
 [-0.97546368]]",414.0,232.0
256,"[[ 0.12496197]
 [ 0.17847044]
 [-0.97597787]]",414.0,234.0
257,"[[ 0.12515572]
 [ 0.18122931]
 [-0.97544451]]",414.0,239.0
258,"[[ 0.11344769]
 [ 0.18705861]
 [-0.97577595]]",424.0,247.0
259,"[[ 0.11022772]
 [ 0.190331  ]
 [-0.97551215]]",433.0,255.0
260,"[[ 0.1036807 ]
 [ 0.17855376]
 [-0.97845228]]",446.0,252.0
261,"[[ 0.10505794]
 [ 0.24390471]
 [-0.96409197]]",452.0,306.0
262,"[[ 0.07405176]
 [ 0.31652659]
 [-0.94568877]]",482.0,413.0
263,"[[ 0.03984777]
 [ 0.314694  ]
 [-0.94835639]]",532.0,490.0
264,"[[-0.12007556]
 [ 0.29186914]
 [-0.94889107]]",706.0,527.0
265,"[[-0.14440947]
 [ 0.2971213 ]
 [-0.94385636]]",855.0,559.0
266,"[[-0.14598126]
 [ 0.30197493]
 [-0.94207251]]",966.0,588.0
267,"[[-0.15021562]
 [ 0.30060789]
 [-0.94184402]]",1050.0,606.0
268,"[[-0.14030141]
 [ 0.30292955]
 [-0.94262888]]",1101.0,619.0
269,"[[-0.14550463]
 [ 0.31359607]
 [-0.9383421 ]]",1143.0,639.0
270,"[[-0.19574123]
 [ 0.27781242]
 [-0.94048159]]",1216.0,622.0
271,"[[-0.22322876]
 [ 0.24727017]
 [-0.94288196]]",1293.0,585.0
272,"[[-0.21884453]
 [ 0.24683153]
 [-0.94402398]]",1346.0,557.0
273,"[[-0.22368923]
 [ 0.23590617]
 [-0.94568039]]",1389.0,527.0
274,"[[-0.21815553]
 [ 0.23483547]
 [-0.94723834]]",1414.0,504.0
275,"[[-0.22884077]
 [ 0.23657137]
 [-0.94428062]]",1441.0,488.0
276,"[[-0.22918626]
 [ 0.23670325]
 [-0.94416377]]",1461.0,476.0
277,"[[-0.22457745]
 [ 0.23286987]
 [-0.94622228]]",1471.0,464.0
278,"[[-0.22136846]
 [ 0.22950971]
 [-0.94779813]]",1477.0,453.0
279,"[[-0.22511844]
 [ 0.23216504]
 [-0.94626692]]",1485.0,448.0
280,"[[-0.22644659]
 [ 0.23232662]
 [-0.94591029]]",1492.0,444.0
281,"[[-0.21490597]
 [ 0.23315664]
 [-0.94839517]]",1486.0,441.0
282,"[[-0.21274212]
 [ 0.23049065]
 [-0.94953402]]",1480.0,437.0
283,"[[-0.21738632]
 [ 0.23120037]
 [-0.9483088 ]]",1481.0,435.0
284,"[[-0.21416694]
 [ 0.2303988 ]
 [-0.94923596]]",1479.0,433.0
285,"[[-0.21524673]
 [ 0.22962414]
 [-0.94917944]]",1478.0,431.0
286,"[[-0.20060855]
 [ 0.21475788]
 [-0.9558427 ]]",1463.0,416.0
287,"[[-0.20268841]
 [ 0.2015334 ]
 [-0.95828059]]",1454.0,392.0
288,"[[-0.20271588]
 [ 0.20570436]
 [-0.95738811]]",1447.0,379.0
289,"[[-0.17798766]
 [ 0.2195853 ]
 [-0.95921983]]",1421.0,381.0
290,"[[-0.17922727]
 [ 0.21903232]
 [-0.95911544]]",1403.0,382.0
291,"[[-0.18010351]
 [ 0.21945043]
 [-0.95885569]]",1390.0,382.0
292,"[[-0.18051445]
 [ 0.21857971]
 [-0.95897729]]",1380.0,382.0
293,"[[-0.18792634]
 [ 0.22404131]
 [-0.95628928]]",1381.0,387.0
294,"[[-0.18301126]
 [ 0.20146145]
 [-0.96224746]]",1376.0,370.0
295,"[[-0.18043385]
 [ 0.20348841]
 [-0.96230769]]",1369.0,359.0
296,"[[-0.1793883 ]
 [ 0.21623843]
 [-0.95971912]]",1363.0,362.0
297,"[[-0.18637718]
 [ 0.21671896]
 [-0.95827785]]",1364.0,365.0
298,"[[-0.16912164]
 [ 0.22540465]
 [-0.95947414]]",1351.0,374.0
299,"[[-0.17203568]
 [ 0.22129137]
 [-0.95991346]]",1344.0,377.0
300,"[[-0.16973036]
 [ 0.2089304 ]
 [-0.96308862]]",1337.0,369.0
301,"[[-0.19969199]
 [ 0.21774029]
 [-0.95535976]]",1359.0,373.0
302,"[[-0.20141401]
 [ 0.21560402]
 [-0.95548276]]",1377.0,375.0
303,"[[-0.20315106]
 [ 0.21959732]
 [-0.95420473]]",1391.0,378.0
304,"[[-0.20040957]
 [ 0.21824263]
 [-0.95509484]]",1398.0,380.0
305,"[[-0.20096255]
 [ 0.21346267]
 [-0.95605844]]",1404.0,376.0
306,"[[-0.20089631]
 [ 0.21407595]
 [-0.95593523]]",1408.0,374.0
307,"[[-0.21172485]
 [ 0.21201244]
 [-0.95405624]]",1420.0,371.0
308,"[[-0.19061285]
 [ 0.21243465]
 [-0.95840402]]",1411.0,369.0
309,"[[-0.19440603]
 [ 0.21990614]
 [-0.95595376]]",1408.0,373.0
310,"[[-0.1920949 ]
 [ 0.21742429]
 [-0.9569881 ]]",1404.0,374.0
311,"[[-0.19320383]
 [ 0.21301963]
 [-0.95775514]]",1401.0,372.0
312,"[[-0.18664105]
 [ 0.20915639]
 [-0.95990558]]",1394.0,366.0
313,"[[-0.17880289]
 [ 0.20857569]
 [-0.9615226 ]]",1381.0,361.0
314,"[[-0.16831591]
 [ 0.22023097]
 [-0.96081636]]",1362.0,367.0
315,"[[-0.07175698]
 [ 0.33112875]
 [-0.94085317]]",1270.0,471.0
316,"[[-0.07595747]
 [ 0.35267482]
 [-0.932658  ]]",1207.0,568.0
317,"[[-0.07694983]
 [ 0.33986042]
 [-0.93732258]]",1161.0,627.0
318,"[[-0.07057697]
 [ 0.35781462]
 [-0.93112168]]",1123.0,690.0
319,"[[-0.05376839]
 [ 0.34430836]
 [-0.9373157 ]]",1081.0,724.0
320,"[[-0.04969456]
 [ 0.16360118]
 [-0.98527413]]",1045.0,586.0
321,"[[-0.073606  ]
 [ 0.15845901]
 [-0.98461815]]",1039.0,480.0
322,"[[-0.11887545]
 [ 0.09711685]
 [-0.98814824]]",1071.0,352.0
323,"[[-0.10490983]
 [ 0.17376938]
 [-0.97918238]]",1083.0,323.0
324,"[[-0.15781237]
 [ 0.08971364]
 [-0.98338534]]",1134.0,231.0
325,"[[-0.08480261]
 [ 0.27038   ]
 [-0.95901156]]",1114.0,319.0
326,"[[-0.04377272]
 [ 0.31581691]
 [-0.94780991]]",1065.0,424.0
327,"[[-0.04986386]
 [ 0.33070134]
 [-0.94241722]]",1035.0,515.0
328,"[[-0.05571325]
 [ 0.31953101]
 [-0.94593656]]",1018.0,572.0
329,"[[-0.0471117 ]
 [ 0.32530619]
 [-0.94443442]]",998.0,619.0
330,"[[-0.0458965 ]
 [ 0.32318105]
 [-0.94522353]]",982.0,652.0
331,"[[-0.06212351]
 [ 0.34195394]
 [-0.93766101]]",986.0,695.0
332,"[[-0.08905046]
 [ 0.30818017]
 [-0.94715099]]",1011.0,694.0
333,"[[-0.09841834]
 [ 0.30518306]
 [-0.94719435]]",1037.0,691.0
334,"[[-0.09880164]
 [ 0.26791151]
 [-0.95836405]]",1055.0,653.0
335,"[[-0.05603419]
 [ 0.34364476]
 [-0.9374265 ]]",1034.0,697.0
336,"[[-0.03725347]
 [ 0.34439939]
 [-0.93808381]]",1001.0,728.0
337,"[[-0.02944085]
 [ 0.34488994]
 [-0.93818131]]",970.0,750.0
338,"[[-0.02322853]
 [ 0.34827753]
 [-0.93710362]]",943.0,770.0
339,"[[-0.03399142]
 [ 0.34481114]
 [-0.93805643]]",932.0,780.0
340,"[[-0.03497381]
 [ 0.35112592]
 [-0.93567485]]",925.0,793.0
341,"[[-0.03157932]
 [ 0.35165373]
 [-0.93559735]]",917.0,803.0
342,"[[-0.02386643]
 [ 0.35716125]
 [-0.93373778]]",905.0,817.0
343,"[[-0.02330793]
 [ 0.35255951]
 [-0.93549908]]",895.0,825.0
344,"[[-0.02560536]
 [ 0.34416436]
 [-0.9385602 ]]",891.0,824.0
345,"[[-0.01945752]
 [ 0.34213485]
 [-0.93944939]]",882.0,822.0
346,"[[-0.02112295]
 [ 0.34174175]
 [-0.93955649]]",878.0,820.0
347,"[[-0.02316291]
 [ 0.34711827]
 [-0.93753527]]",876.0,825.0
348,"[[-0.03583067]
 [ 0.33685723]
 [-0.94087373]]",886.0,818.0
349,"[[-0.04885045]
 [ 0.35461192]
 [-0.93373659]]",905.0,831.0
350,"[[-0.04812081]
 [ 0.35597675]
 [-0.93325503]]",918.0,842.0
351,"[[-0.04976096]
 [ 0.3590254 ]
 [-0.93200033]]",929.0,850.0
352,"[[-0.05782157]
 [ 0.35918637]
 [-0.93147293]]",943.0,855.0
353,"[[-0.06055132]
 [ 0.36332608]
 [-0.92969226]]",956.0,863.0
354,"[[-0.07787591]
 [ 0.35430967]
 [-0.93187982]]",981.0,859.0
355,"[[-0.08343058]
 [ 0.35187334]
 [-0.9323221 ]]",1003.0,853.0
356,"[[-0.03998791]
 [ 0.36925579]
 [-0.92846709]]",982.0,869.0
357,"[[-0.03316715]
 [ 0.37114088]
 [-0.92798404]]",962.0,884.0
358,"[[-0.06910824]
 [ 0.36018603]
 [-0.93031719]]",979.0,884.0
359,"[[-0.08038206]
 [ 0.36248066]
 [-0.92851844]]",1001.0,884.0
360,"[[-0.07082454]
 [ 0.36416556]
 [-0.92863735]]",1008.0,886.0
361,"[[-0.06120291]
 [ 0.3646547 ]
 [-0.92912925]]",1005.0,887.0
362,"[[-0.04070888]
 [ 0.34124047]
 [-0.9390941 ]]",985.0,864.0
363,"[[ 0.05036878]
 [ 0.22962668]
 [-0.97197457]]",892.0,743.0
364,"[[ 0.06208346]
 [ 0.22948044]
 [-0.97133124]]",815.0,653.0
365,"[[ 0.06547778]
 [ 0.21398793]
 [-0.97463933]]",755.0,574.0
366,"[[ 0.06448298]
 [ 0.21004966]
 [-0.97556193]]",713.0,512.0
367,"[[ 0.05343992]
 [ 0.2234453 ]
 [-0.97325042]]",692.0,478.0
368,"[[ 0.05170585]
 [ 0.22054688]
 [-0.97400492]]",677.0,451.0
369,"[[ 2.25159215e-04]
 [ 1.77074322e-01]
 [-9.84197457e-01]]",709.0,393.0
370,"[[-0.08643928]
 [ 0.11184227]
 [-0.98995937]]",803.0,297.0
371,"[[-0.10884965]
 [ 0.11385247]
 [-0.98751677]]",890.0,228.0
372,"[[-0.11430637]
 [ 0.10182526]
 [-0.98821337]]",958.0,168.0
373,"[[-0.1094828 ]
 [ 0.12394914]
 [-0.98623026]]",1005.0,142.0
374,"[[-0.0957029 ]
 [ 0.12154791]
 [-0.98796106]]",1026.0,121.0
375,"[[-0.08782547]
 [ 0.12111297]
 [-0.98874584]]",1034.0,105.0
376,"[[-0.08285183]
 [ 0.12026956]
 [-0.98927792]]",1035.0,93.0
377,"[[-0.091873  ]
 [ 0.13153845]
 [-0.98704457]]",1044.0,93.0
378,"[[-0.09485833]
 [ 0.13817228]
 [-0.98585512]]",1053.0,98.0
379,"[[-0.09402179]
 [ 0.13554844]
 [-0.98629941]]",1059.0,100.0
380,"[[-0.08819322]
 [ 0.14218829]
 [-0.98590286]]",1059.0,107.0
381,"[[-0.09189753]
 [ 0.15126722]
 [-0.9842119 ]]",1061.0,119.0
382,"[[-0.08465349]
 [ 0.14427505]
 [-0.98590998]]",1057.0,122.0
383,"[[-0.07700931]
 [ 0.14189502]
 [-0.98688164]]",1048.0,124.0
384,"[[-0.07744886]
 [ 0.13824909]
 [-0.9873646 ]]",1042.0,122.0
385,"[[-0.07377594]
 [ 0.12926511]
 [-0.98886179]]",1035.0,113.0
386,"[[-0.08137544]
 [ 0.12900473]
 [-0.98829946]]",1036.0,106.0
387,"[[-0.08265836]
 [ 0.13649827]
 [-0.98718581]]",1037.0,107.0
388,"[[-0.08472313]
 [ 0.13920859]
 [-0.98663213]]",1040.0,109.0
389,"[[-0.0777969 ]
 [ 0.14121892]
 [-0.98691685]]",1036.0,112.0
390,"[[-0.07237636]
 [ 0.13203942]
 [-0.98859863]]",1029.0,108.0
391,"[[-0.04766696]
 [ 0.12388142]
 [-0.99115148]]",1004.0,98.0
392,"[[-0.04273181]
 [ 0.11862514]
 [-0.99201919]]",982.0,87.0
393,"[[-0.04400039]
 [ 0.1163421 ]
 [-0.99223409]]",967.0,77.0
394,"[[-0.03372321]
 [ 0.11198069]
 [-0.99313799]]",948.0,66.0
395,"[[-0.04670568]
 [ 0.10642948]
 [-0.99322271]]",944.0,53.0
396,"[[-0.0470118 ]
 [ 0.0892946 ]
 [-0.99489515]]",941.0,30.0
397,"[[-0.03832862]
 [ 0.1255809 ]
 [-0.9913427 ]]",932.0,42.0
398,"[[-0.04299809]
 [ 0.11998038]
 [-0.99184468]]",930.0,47.0
399,"[[-0.03203979]
 [ 0.13025369]
 [-0.99096288]]",919.0,58.0
400,"[[-0.0234621 ]
 [ 0.13513918]
 [-0.9905488 ]]",905.0,70.0
401,"[[-0.02977243]
 [ 0.13911745]
 [-0.98982824]]",899.0,83.0
402,"[[-0.03331936]
 [ 0.13376515]
 [-0.99045278]]",898.0,88.0
403,"[[-0.03659936]
 [ 0.13652946]
 [-0.98995969]]",900.0,94.0
404,"[[-0.04232424]
 [ 0.14085996]
 [-0.98912443]]",907.0,102.0
405,"[[-0.03398633]
 [ 0.13953399]
 [-0.98963387]]",905.0,107.0
406,"[[-0.02801994]
 [ 0.13576539]
 [-0.99034471]]",898.0,107.0
407,"[[-0.03580434]
 [ 0.14473189]
 [-0.9888229 ]]",900.0,114.0
408,"[[-0.03254067]
 [ 0.14729115]
 [-0.98855775]]",898.0,122.0
409,"[[-0.03174947]
 [ 0.14808783]
 [-0.98846445]]",897.0,128.0
410,"[[-0.0283767 ]
 [ 0.14045451]
 [-0.9896804 ]]",893.0,126.0
411,"[[-0.04073971]
 [ 0.14239147]
 [-0.98897166]]",901.0,127.0
412,"[[-0.04065295]
 [ 0.14006382]
 [-0.98930757]]",906.0,125.0
413,"[[-0.03612823]
 [ 0.15452561]
 [-0.987328  ]]",906.0,135.0
414,"[[-0.0290976 ]
 [ 0.15303543]
 [-0.98779223]]",902.0,142.0
415,"[[-0.02510317]
 [ 0.14820242]
 [-0.98863839]]",895.0,143.0
416,"[[-0.04444352]
 [ 0.13831344]
 [-0.98939081]]",906.0,135.0
417,"[[-0.03562243]
 [ 0.15905084]
 [-0.98662752]]",906.0,146.0
418,"[[ 0.09136535]
 [ 0.30717361]
 [-0.94725749]]",800.0,285.0
419,"[[ 0.10228335]
 [ 0.30637502]
 [-0.94639974]]",714.0,387.0
420,"[[ 0.11541358]
 [ 0.31693149]
 [-0.94140009]]",640.0,470.0
421,"[[ 0.10978083]
 [ 0.31233633]
 [-0.94360701]]",590.0,529.0
422,"[[ 0.11191439]
 [ 0.31234702]
 [-0.9433528 ]]",551.0,572.0
423,"[[ 0.11512501]
 [ 0.31323121]
 [-0.94267303]]",520.0,606.0
424,"[[ 0.11318337]
 [ 0.31034319]
 [-0.94386261]]",498.0,629.0
425,"[[ 0.10942073]
 [ 0.30300374]
 [-0.94668677]]",487.0,638.0
426,"[[ 0.10950799]
 [ 0.30147083]
 [-0.94716595]]",479.0,643.0
427,"[[ 0.1138429 ]
 [ 0.30385735]
 [-0.94589138]]",469.0,649.0
428,"[[ 0.11562213]
 [ 0.30441552]
 [-0.94549602]]",460.0,654.0
429,"[[ 0.10998939]
 [ 0.29973717]
 [-0.94766026]]",458.0,653.0
430,"[[ 0.10860754]
 [ 0.30232021]
 [-0.94699889]]",457.0,657.0
431,"[[ 0.11321798]
 [ 0.30860936]
 [-0.94442679]]",453.0,665.0
432,"[[ 0.11681632]
 [ 0.30915513]
 [-0.94380986]]",446.0,673.0
433,"[[ 0.11378625]
 [ 0.31091657]
 [-0.94360138]]",444.0,679.0
434,"[[ 0.12422413]
 [ 0.31446262]
 [-0.9411066 ]]",435.0,683.0
435,"[[ 0.12254845]
 [ 0.31202137]
 [-0.94213828]]",429.0,685.0
436,"[[ 0.11848206]
 [ 0.31511386]
 [-0.94162904]]",428.0,688.0
437,"[[ 0.11942338]
 [ 0.31583759]
 [-0.94126759]]",427.0,691.0
438,"[[ 0.11899742]
 [ 0.30964774]
 [-0.9433758 ]]",426.0,689.0
439,"[[ 0.11495583]
 [ 0.30959822]
 [-0.94389306]]",429.0,688.0
440,"[[ 0.12127462]
 [ 0.31357113]
 [-0.94178852]]",425.0,692.0
441,"[[ 0.12791094]
 [ 0.31843131]
 [-0.93927647]]",417.0,698.0
442,"[[ 0.11837843]
 [ 0.3132199 ]
 [-0.94227376]]",419.0,698.0
443,"[[ 0.11948657]
 [ 0.31388406]
 [-0.94191282]]",420.0,698.0
444,"[[ 0.12520288]
 [ 0.31700913]
 [-0.94012204]]",417.0,700.0
445,"[[ 0.12822673]
 [ 0.31057519]
 [-0.94186037]]",411.0,696.0
446,"[[ 0.1244886 ]
 [ 0.30844225]
 [-0.94306202]]",410.0,692.0
447,"[[ 0.12640586]
 [ 0.31192726]
 [-0.94165967]]",408.0,692.0
448,"[[ 0.1234523 ]
 [ 0.31130579]
 [-0.94225699]]",408.0,692.0
449,"[[ 0.13233618]
 [ 0.31190487]
 [-0.940852  ]]",400.0,692.0
450,"[[ 0.13872629]
 [ 0.31481803]
 [-0.93895933]]",389.0,696.0
451,"[[ 0.14240818]
 [ 0.3126641 ]
 [-0.93912782]]",377.0,697.0
452,"[[ 0.1331758 ]
 [ 0.3093835 ]
 [-0.94156575]]",377.0,694.0
453,"[[ 0.13679085]
 [ 0.31344477]
 [-0.93970242]]",373.0,697.0
454,"[[ 0.13973511]
 [ 0.31752498]
 [-0.93789764]]",367.0,703.0
455,"[[ 0.13873995]
 [ 0.31573345]
 [-0.93864989]]",364.0,705.0
456,"[[ 0.135527  ]
 [ 0.31892683]
 [-0.9380395 ]]",365.0,710.0
457,"[[ 0.14016664]
 [ 0.31773434]
 [-0.93776234]]",362.0,710.0
458,"[[ 0.13961691]
 [ 0.31548051]
 [-0.9386049 ]]",361.0,708.0
459,"[[ 0.1396561 ]
 [ 0.31662922]
 [-0.93821219]]",359.0,708.0
460,"[[ 0.14483522]
 [ 0.31710298]
 [-0.93726648]]",354.0,708.0
461,"[[ 0.13921113]
 [ 0.32037181]
 [-0.93700702]]",354.0,713.0
462,"[[ 0.13822526]
 [ 0.31677181]
 [-0.93837594]]",355.0,713.0
463,"[[ 0.14044677]
 [ 0.31841204]
 [-0.93749052]]",355.0,714.0
464,"[[ 0.13935419]
 [ 0.31914891]
 [-0.937403  ]]",355.0,715.0
465,"[[ 0.13682534]
 [ 0.31914   ]
 [-0.93777849]]",358.0,714.0
466,"[[ 0.132268  ]
 [ 0.31525933]
 [-0.93974291]]",364.0,711.0
467,"[[ 0.11869271]
 [ 0.31774107]
 [-0.94071922]]",379.0,712.0
468,"[[-0.01151736]
 [ 0.29044857]
 [-0.95682129]]",503.0,685.0
469,"[[-0.06333247]
 [ 0.25854721]
 [-0.9639203 ]]",636.0,636.0
470,"[[-0.06174821]
 [ 0.25827164]
 [-0.96409694]]",733.0,600.0
471,"[[-0.05318265]
 [ 0.26609121]
 [-0.96247965]]",796.0,581.0
472,"[[-0.05235573]
 [ 0.26717217]
 [-0.9622255 ]]",841.0,567.0
473,"[[-0.06263897]
 [ 0.26275216]
 [-0.96282795]]",883.0,554.0
474,"[[-0.0693946 ]
 [ 0.2594694 ]
 [-0.96325491]]",919.0,542.0
475,"[[-0.04705107]
 [ 0.26221448]
 [-0.9638619 ]]",927.0,535.0
476,"[[-0.06341709]
 [ 0.2620931 ]
 [-0.96295663]]",946.0,529.0
477,"[[-0.06050273]
 [ 0.26172804]
 [-0.9632434 ]]",958.0,524.0
478,"[[-0.0576351 ]
 [ 0.25939289]
 [-0.96405058]]",963.0,518.0
479,"[[-0.05524262]
 [ 0.25785739]
 [-0.96460242]]",965.0,513.0
480,"[[-0.07600199]
 [ 0.24784368]
 [-0.96581427]]",984.0,500.0
481,"[[-0.07929098]
 [ 0.23668837]
 [-0.96834475]]",1001.0,481.0
482,"[[-0.08356953]
 [ 0.23333673]
 [-0.96879828]]",1017.0,464.0
483,"[[-0.08619615]
 [ 0.22921004]
 [-0.96955298]]",1031.0,448.0
484,"[[-0.08767961]
 [ 0.22599396]
 [-0.97017474]]",1042.0,434.0
485,"[[-0.0885727 ]
 [ 0.21942638]
 [-0.9716002 ]]",1051.0,418.0
486,"[[-0.0883218 ]
 [ 0.22011598]
 [-0.97146704]]",1057.0,406.0
487,"[[-0.09708793]
 [ 0.22190065]
 [-0.9702237 ]]",1070.0,400.0
488,"[[-0.09611778]
 [ 0.22373852]
 [-0.96989816]]",1078.0,397.0
489,"[[-0.09390562]
 [ 0.22459462]
 [-0.969917  ]]",1082.0,396.0
490,"[[-0.08889894]
 [ 0.22428515]
 [-0.97046028]]",1080.0,394.0
491,"[[-0.09344583]
 [ 0.22763553]
 [-0.96925226]]",1083.0,396.0
492,"[[-0.09825296]
 [ 0.21660738]
 [-0.97130201]]",1089.0,388.0
493,"[[-0.08166876]
 [ 0.2226875 ]
 [-0.97146307]]",1080.0,389.0
494,"[[-0.08062808]
 [ 0.22273866]
 [-0.97153827]]",1073.0,389.0
495,"[[-0.08284396]
 [ 0.22002228]
 [-0.97197072]]",1070.0,387.0
496,"[[-0.08846303]
 [ 0.21825914]
 [-0.97187306]]",1072.0,384.0
497,"[[-0.0851853 ]
 [ 0.21918073]
 [-0.97195847]]",1071.0,384.0
498,"[[-0.07543907]
 [ 0.22342247]
 [-0.971798  ]]",1063.0,387.0
499,"[[-0.06470789]
 [ 0.21857851]
 [-0.97367157]]",1047.0,384.0
500,"[[-0.06230435]
 [ 0.21499899]
 [-0.97462485]]",1033.0,379.0
501,"[[-0.05518699]
 [ 0.22018219]
 [-0.9738964 ]]",1017.0,379.0
502,"[[-0.05792465]
 [ 0.22007774]
 [-0.97376102]]",1008.0,380.0
503,"[[-0.05902577]
 [ 0.21367605]
 [-0.97511974]]",1002.0,375.0
504,"[[-0.06236044]
 [ 0.21332041]
 [-0.97499004]]",1001.0,371.0
505,"[[-0.05684954]
 [ 0.21736253]
 [-0.97443402]]",995.0,371.0
506,"[[-0.05825246]
 [ 0.21886396]
 [-0.974015  ]]",992.0,371.0
507,"[[-0.05210355]
 [ 0.22096549]
 [-0.97388884]]",985.0,373.0
508,"[[-0.04506299]
 [ 0.22329825]
 [-0.97370797]]",974.0,377.0
509,"[[-0.04707458]
 [ 0.22164936]
 [-0.9739895 ]]",968.0,378.0
510,"[[-0.04344203]
 [ 0.22603257]
 [-0.97315059]]",961.0,382.0
511,"[[-0.04885027]
 [ 0.24508781]
 [-0.96826939]]",960.0,402.0
512,"[[-0.03373063]
 [ 0.23348909]
 [-0.9717742 ]]",947.0,408.0
513,"[[-0.03484069]
 [ 0.22540333]
 [-0.97364237]]",938.0,405.0
514,"[[-0.04634619]
 [ 0.24729898]
 [-0.96783017]]",941.0,422.0
515,"[[-0.05282017]
 [ 0.22959232]
 [-0.97185256]]",949.0,419.0
516,"[[-0.05402793]
 [ 0.22470851]
 [-0.97292706]]",955.0,411.0
517,"[[-0.04829826]
 [ 0.24761176]
 [-0.96765474]]",955.0,426.0
518,"[[-0.049426  ]
 [ 0.24672067]
 [-0.96782539]]",956.0,435.0
519,"[[-0.04104786]
 [ 0.25580717]
 [-0.96585598]]",949.0,450.0
520,"[[-0.04613322]
 [ 0.2532566 ]
 [-0.96629852]]",949.0,459.0
521,"[[-0.05683798]
 [ 0.30506132]
 [-0.95063507]]",959.0,514.0
522,"[[-0.04146673]
 [ 0.32179967]
 [-0.9458993 ]]",953.0,570.0
523,"[[-0.05056693]
 [ 0.31566007]
 [-0.94752399]]",957.0,605.0
524,"[[-0.04742011]
 [ 0.31976732]
 [-0.94630872]]",957.0,636.0
525,"[[-0.05335911]
 [ 0.31374742]
 [-0.94800599]]",963.0,653.0
526,"[[-0.04799508]
 [ 0.3157273 ]
 [-0.94763534]]",962.0,667.0
527,"[[-0.04884711]
 [ 0.31710201]
 [-0.94713266]]",962.0,679.0
528,"[[-0.04847349]
 [ 0.31703796]
 [-0.9471733 ]]",962.0,688.0
529,"[[-0.05784707]
 [ 0.30945941]
 [-0.94915151]]",971.0,689.0
530,"[[-0.0557689 ]
 [ 0.30978154]
 [-0.94917081]]",975.0,690.0
531,"[[-0.04559732]
 [ 0.30610575]
 [-0.95090491]]",970.0,686.0
532,"[[-0.04238315]
 [ 0.3152492 ]
 [-0.94806203]]",963.0,691.0
533,"[[-0.04180619]
 [ 0.31398788]
 [-0.94850612]]",957.0,694.0
534,"[[-0.04245838]
 [ 0.31461011]
 [-0.94827093]]",954.0,696.0
535,"[[-0.04004181]
 [ 0.31319076]
 [-0.94884572]]",949.0,697.0
536,"[[-0.03311197]
 [ 0.30417484]
 [-0.95204058]]",940.0,690.0
537,"[[-0.03163579]
 [ 0.30256426]
 [-0.95260383]]",932.0,684.0
538,"[[-0.02627311]
 [ 0.30557019]
 [-0.95180701]]",922.0,682.0
539,"[[-0.01845228]
 [ 0.30961645]
 [-0.95068248]]",908.0,683.0
540,"[[-0.03349161]
 [ 0.29600866]
 [-0.95459792]]",910.0,672.0
541,"[[-0.03336384]
 [ 0.28853448]
 [-0.95688803]]",912.0,657.0
542,"[[-0.04339602]
 [ 0.28245842]
 [-0.95829746]]",920.0,640.0
543,"[[-0.05953018]
 [ 0.27755422]
 [-0.95886381]]",941.0,623.0
544,"[[-0.05644869]
 [ 0.28072055]
 [-0.95812813]]",953.0,613.0
545,"[[-0.05389778]
 [ 0.28379892]
 [-0.95736785]]",959.0,607.0
546,"[[-0.05603002]
 [ 0.28590485]
 [-0.95661855]]",965.0,604.0
547,"[[-0.04651113]
 [ 0.28231624]
 [-0.95819322]]",961.0,598.0
548,"[[-0.04498448]
 [ 0.28051936]
 [-0.95879366]]",957.0,592.0
549,"[[-0.05095051]
 [ 0.28276827]
 [-0.95783409]]",959.0,589.0
550,"[[-0.05115882]
 [ 0.27962816]
 [-0.95874442]]",961.0,586.0
551,"[[-0.08122067]
 [ 0.27978119]
 [-0.95662202]]",989.0,586.0
552,"[[-0.08799209]
 [ 0.26287131]
 [-0.96081011]]",1015.0,572.0
553,"[[-0.11296384]
 [ 0.23454722]
 [-0.96551891]]",1056.0,538.0
554,"[[-0.09512292]
 [ 0.25296735]
 [-0.96278718]]",1070.0,528.0
555,"[[-0.07935146]
 [ 0.27667871]
 [-0.95768066]]",1066.0,542.0
556,"[[-0.0623141 ]
 [ 0.30801492]
 [-0.94933859]]",1050.0,581.0
557,"[[-0.03503283]
 [ 0.32429741]
 [-0.94530624]]",1014.0,625.0
558,"[[-0.03387451]
 [ 0.31586917]
 [-0.94819786]]",987.0,651.0
559,"[[-0.03857513]
 [ 0.30206241]
 [-0.95250736]]",973.0,657.0
560,"[[-0.02354446]
 [ 0.31663676]
 [-0.94825462]]",948.0,675.0
561,"[[-0.00450844]
 [ 0.3199882 ]
 [-0.9474108 ]]",914.0,690.0
562,"[[-0.00295147]
 [ 0.32478864]
 [-0.94578202]]",887.0,704.0
563,"[[-0.00272426]
 [ 0.32489947]
 [-0.94574463]]",868.0,714.0
564,"[[-0.00347293]
 [ 0.3100625 ]
 [-0.95070983]]",855.0,708.0
565,"[[-0.00149179]
 [ 0.30639618]
 [-0.95190291]]",844.0,700.0
566,"[[-0.00853059]
 [ 0.30326114]
 [-0.9528693 ]]",842.0,690.0
567,"[[-0.0054794 ]
 [ 0.30078707]
 [-0.95367558]]",838.0,682.0
568,"[[-0.00156297]
 [ 0.29758682]
 [-0.95469348]]",832.0,672.0
569,"[[ 0.03999948]
 [ 0.28704549]
 [-0.95708146]]",792.0,656.0
570,"[[ 0.19056123]
 [ 0.26680506]
 [-0.94472296]]",633.0,629.0
571,"[[ 0.24848876]
 [ 0.24949736]
 [-0.93595107]]",466.0,594.0
572,"[[ 0.25264258]
 [ 0.26041004]
 [-0.93185747]]",339.0,578.0
573,"[[ 0.25219475]
 [ 0.26072239]
 [-0.93189143]]",249.0,566.0
574,"[[ 0.24853164]
 [ 0.26282164]
 [-0.9322858 ]]",186.0,557.0
575,"[[ 0.25979221]
 [ 0.26960127]
 [-0.9272665 ]]",130.0,557.0
576,"[[ 0.26903314]
 [ 0.27989851]
 [-0.9215628 ]]",80.0,568.0
577,"[[ 0.31128712]
 [ 0.27606871]
 [-0.90933294]]",4.0,575.0
578,"[[ 0.33199282]
 [ 0.27447254]
 [-0.90246639]]",-72.0,581.0
579,"[[ 0.32447244]
 [ 0.28428958]
 [-0.90216244]]",-120.0,593.0
580,"[[ 0.32329224]
 [ 0.28493734]
 [-0.90238176]]",-152.0,601.0
581,"[[ 0.32231413]
 [ 0.28606906]
 [-0.90237359]]",-176.0,608.0
582,"[[ 0.31959682]
 [ 0.29209582]
 [-0.90140884]]",-192.0,621.0
583,"[[ 0.32802779]
 [ 0.28477327]
 [-0.90072302]]",-210.0,622.0
584,"[[ 0.33047652]
 [ 0.28367093]
 [-0.90017558]]",-225.0,622.0
585,"[[ 0.31474177]
 [ 0.28639515]
 [-0.90493946]]",-222.0,624.0
586,"[[ 0.31571927]
 [ 0.2852617 ]
 [-0.90495696]]",-223.0,625.0
587,"[[ 0.32259039]
 [ 0.29131845]
 [-0.90059369]]",-231.0,633.0
588,"[[ 0.32256268]
 [ 0.29550222]
 [-0.89923954]]",-238.0,643.0
589,"[[ 0.35582591]
 [ 0.28902848]
 [-0.88873531]]",-277.0,649.0
590,"[[ 0.35207095]
 [ 0.28895588]
 [-0.89025308]]",-301.0,652.0
591,"[[ 0.33776429]
 [ 0.29388207]
 [-0.89417483]]",-305.0,658.0
592,"[[ 0.34149963]
 [ 0.28507035]
 [-0.89560756]]",-311.0,654.0
593,"[[ 0.33883218]
 [ 0.28366681]
 [-0.89706516]]",-313.0,649.0
594,"[[ 0.33504355]
 [ 0.28690573]
 [-0.89745803]]",-310.0,648.0
595,"[[ 0.33622445]
 [ 0.2922419 ]
 [-0.89529201]]",-309.0,652.0
596,"[[ 0.324508  ]
 [ 0.30053586]
 [-0.89686831]]",-297.0,662.0
597,"[[ 0.33640553]
 [ 0.29728656]
 [-0.89356143]]",-300.0,667.0
598,"[[ 0.33433243]
 [ 0.29083819]
 [-0.8964569 ]]",-300.0,664.0
599,"[[ 0.3311105 ]
 [ 0.28788856]
 [-0.89860226]]",-296.0,659.0
600,"[[ 0.32262432]
 [ 0.28817816]
 [-0.90159131]]",-286.0,655.0
601,"[[ 0.31546257]
 [ 0.28342848]
 [-0.90562225]]",-270.0,646.0
602,"[[ 0.30640033]
 [ 0.28211099]
 [-0.90913818]]",-248.0,637.0
603,"[[ 0.32202757]
 [ 0.27597419]
 [-0.90561388]]",-248.0,627.0
604,"[[ 0.32326636]
 [ 0.2743798 ]
 [-0.90565699]]",-250.0,619.0
605,"[[ 0.34412489]
 [ 0.27506688]
 [-0.8977284 ]]",-274.0,618.0
606,"[[ 0.34455792]
 [ 0.26234644]
 [-0.90136241]]",-291.0,605.0
607,"[[ 0.3377635 ]
 [ 0.26876588]
 [-0.90204253]]",-296.0,600.0
608,"[[ 0.34177134]
 [ 0.27436261]
 [-0.89884231]]",-305.0,602.0
609,"[[ 0.34014914]
 [ 0.28085897]
 [-0.89745017]]",-309.0,609.0
610,"[[ 0.34421691]
 [ 0.2748642 ]
 [-0.8977552 ]]",-314.0,608.0
611,"[[ 0.34013525]
 [ 0.27588727]
 [-0.89899623]]",-315.0,608.0
612,"[[ 0.34116083]
 [ 0.27539184]
 [-0.89875949]]",-317.0,608.0
613,"[[ 0.33534401]
 [ 0.29121268]
 [-0.89595735]]",-313.0,622.0
614,"[[ 0.33634739]
 [ 0.28430692]
 [-0.89779731]]",-310.0,625.0
615,"[[ 0.33963377]
 [ 0.27935933]
 [-0.89811317]]",-310.0,623.0
616,"[[ 0.32315032]
 [ 0.27862382]
 [-0.90440181]]",-295.0,620.0
617,"[[ 0.32003633]
 [ 0.28120665]
 [-0.90470966]]",-279.0,618.0
618,"[[ 0.31581087]
 [ 0.27533475]
 [-0.90799464]]",-263.0,611.0
619,"[[ 0.31691521]
 [ 0.27525901]
 [-0.90763276]]",-252.0,605.0
620,"[[ 0.3086628 ]
 [ 0.2750898 ]
 [-0.91052341]]",-237.0,601.0
621,"[[ 0.31126013]
 [ 0.27168594]
 [-0.91066123]]",-228.0,596.0
622,"[[ 0.29720227]
 [ 0.28216721]
 [-0.9121691 ]]",-210.0,601.0
623,"[[ 0.29355876]
 [ 0.27716128]
 [-0.91487971]]",-193.0,600.0
624,"[[ 0.29314338]
 [ 0.27498481]
 [-0.91566933]]",-181.0,598.0
625,"[[ 0.28719967]
 [ 0.26504264]
 [-0.92047203]]",-164.0,585.0
626,"[[ 0.28988602]
 [ 0.27336209]
 [-0.91719097]]",-155.0,584.0
627,"[[ 0.27864558]
 [ 0.31994849]
 [-0.90553277]]",-143.0,627.0
628,"[[ 0.25417655]
 [ 0.36159591]
 [-0.89701877]]",-115.0,700.0
629,"[[ 0.26312464]
 [ 0.37196078]
 [-0.89017448]]",-104.0,765.0
630,"[[ 0.2659127 ]
 [ 0.36449891]
 [-0.89242982]]",-98.0,806.0
631,"[[ 0.26047464]
 [ 0.37269839]
 [-0.8906452 ]]",-89.0,843.0
632,"[[ 0.25918384]
 [ 0.37338819]
 [-0.89073284]]",-81.0,870.0
633,"[[ 0.25870458]
 [ 0.37671081]
 [-0.88947226]]",-73.0,892.0
634,"[[ 0.24709181]
 [ 0.36566411]
 [-0.89734909]]",-58.0,898.0
635,"[[ 0.2429239 ]
 [ 0.37393438]
 [-0.89507601]]",-46.0,913.0
636,"[[ 0.23774786]
 [ 0.37111074]
 [-0.89763733]]",-31.0,919.0
637,"[[ 0.24754595]
 [ 0.38045806]
 [-0.89105144]]",-30.0,934.0
638,"[[ 0.25625519]
 [ 0.37232907]
 [-0.89202261]]",-38.0,938.0
639,"[[ 0.26423396]
 [ 0.37083858]
 [-0.89031408]]",-50.0,940.0
640,"[[ 0.25606104]
 [ 0.37219499]
 [-0.89213431]]",-51.0,941.0
641,"[[ 0.26118504]
 [ 0.37807112]
 [-0.88816924]]",-58.0,949.0
642,"[[ 0.25517464]
 [ 0.38842149]
 [-0.88544602]]",-58.0,966.0
643,"[[ 0.25727711]
 [ 0.38113337]
 [-0.88800104]]",-59.0,970.0
644,"[[ 0.26593613]
 [ 0.37766285]
 [-0.88693221]]",-69.0,972.0
645,"[[ 0.2580329 ]
 [ 0.38450834]
 [-0.8863252 ]]",-69.0,979.0
646,"[[ 0.25229545]
 [ 0.3857585 ]
 [-0.88743303]]",-63.0,983.0
647,"[[ 0.25671941]
 [ 0.38993687]
 [-0.88433274]]",-64.0,992.0
648,"[[ 0.27456935]
 [ 0.38933606]
 [-0.87922074]]",-81.0,1000.0
649,"[[ 0.2615625 ]
 [ 0.3715527 ]
 [-0.89080506]]",-79.0,985.0
650,"[[ 0.25916146]
 [ 0.37173703]
 [-0.89142971]]",-76.0,975.0
651,"[[ 0.25460902]
 [ 0.37324813]
 [-0.8921099 ]]",-71.0,971.0
652,"[[ 0.24994382]
 [ 0.37150404]
 [-0.89415481]]",-62.0,964.0
653,"[[ 0.21871263]
 [ 0.36649264]
 [-0.90434945]]",-24.0,951.0
654,"[[ 0.21730664]
 [ 0.35378573]
 [-0.90973264]]",6.0,928.0
655,"[[ 0.23419231]
 [ 0.35472034]
 [-0.90516708]]",12.0,913.0
656,"[[ 0.22720822]
 [ 0.34655433]
 [-0.91009699]]",24.0,895.0
657,"[[ 0.22925952]
 [ 0.34558019]
 [-0.90995297]]",31.0,879.0
658,"[[ 0.22162621]
 [ 0.3495946 ]
 [-0.91031063]]",44.0,870.0
659,"[[ 0.21799729]
 [ 0.35540919]
 [-0.90893426]]",56.0,870.0
660,"[[ 0.22893095]
 [ 0.35766314]
 [-0.90535501]]",55.0,873.0
661,"[[ 0.24087769]
 [ 0.35341676]
 [-0.90392175]]",42.0,873.0
662,"[[ 0.2088063 ]
 [ 0.34469631]
 [-0.91519636]]",62.0,863.0
663,"[[ 0.18133282]
 [ 0.34060326]
 [-0.92255506]]",103.0,850.0
664,"[[ 0.1830563 ]
 [ 0.34201997]
 [-0.92169015]]",131.0,841.0
665,"[[ 0.17891616]
 [ 0.34195995]
 [-0.92252501]]",155.0,834.0
666,"[[ 0.17353636]
 [ 0.34072494]
 [-0.92400847]]",178.0,828.0
667,"[[ 0.16852771]
 [ 0.33634616]
 [-0.92653638]]",199.0,819.0
668,"[[ 0.12788139]
 [ 0.32087331]
 [-0.93844908]]",252.0,794.0
669,"[[ 0.11804506]
 [ 0.32060393]
 [-0.93982897]]",299.0,775.0
670,"[[ 0.12087246]
 [ 0.32395877]
 [-0.93831794]]",332.0,763.0
671,"[[ 0.11266574]
 [ 0.32076501]
 [-0.94043407]]",363.0,752.0
672,"[[ 0.11259462]
 [ 0.32089777]
 [-0.94039729]]",385.0,743.0
673,"[[ 0.11590791]
 [ 0.31142737]
 [-0.94317461]]",399.0,729.0
674,"[[-0.11239909]
 [ 0.30530052]
 [-0.9455993 ]]",605.0,714.0
675,"[[-0.15778617]
 [ 0.29158997]
 [-0.94343988]]",795.0,691.0
676,"[[-0.17870505]
 [ 0.28483296]
 [-0.9417721 ]]",951.0,669.0
677,"[[-0.18887679]
 [ 0.28021751]
 [-0.94117145]]",1074.0,648.0
678,"[[-0.19125951]
 [ 0.28201491]
 [-0.94015285]]",1165.0,633.0
679,"[[-0.19890168]
 [ 0.27895742]
 [-0.93947905]]",1237.0,620.0
680,"[[-0.1964391 ]
 [ 0.28131149]
 [-0.93929523]]",1288.0,612.0
681,"[[-0.19893222]
 [ 0.27505643]
 [-0.9406221 ]]",1327.0,600.0
682,"[[-0.1993769 ]
 [ 0.27333609]
 [-0.94102935]]",1357.0,591.0
683,"[[-0.21930545]
 [ 0.26616319]
 [-0.93864918]]",1395.0,578.0
684,"[[-0.2258859 ]
 [ 0.27696292]
 [-0.93395241]]",1433.0,582.0
685,"[[-0.29259893]
 [ 0.26013553]
 [-0.92017138]]",1525.0,576.0
686,"[[-0.29758645]
 [ 0.14660454]
 [-0.9433713 ]]",1593.0,469.0
687,"[[-0.35287717]
 [ 0.16988714]
 [-0.92011742]]",1696.0,414.0
688,"[[-0.36117461]
 [ 0.17191486]
 [-0.91651415]]",1778.0,376.0
689,"[[-0.32895677]
 [ 0.16549289]
 [-0.9297309 ]]",1802.0,340.0
690,"[[-0.27536957]
 [ 0.28271174]
 [-0.91882842]]",1777.0,419.0
691,"[[-0.23323264]
 [ 0.29200717]
 [-0.9275421 ]]",1722.0,485.0
692,"[[-0.20640677]
 [ 0.295206  ]
 [-0.93287173]]",1658.0,535.0
693,"[[-0.20180705]
 [ 0.31053197]
 [-0.92889386]]",1607.0,585.0
694,"[[-0.21139896]
 [ 0.30294759]
 [-0.92926489]]",1578.0,614.0
695,"[[-0.19136774]
 [ 0.301526  ]
 [-0.93405592]]",1538.0,631.0
696,"[[-0.17680764]
 [ 0.30836947]
 [-0.93469103]]",1496.0,651.0
697,"[[-0.17649204]
 [ 0.29987175]
 [-0.93751133]]",1464.0,656.0
698,"[[-0.18076734]
 [ 0.3015769 ]
 [-0.93614878]]",1445.0,662.0
699,"[[-0.18603477]
 [ 0.3050293 ]
 [-0.93399582]]",1436.0,670.0
700,"[[-0.19272682]
 [ 0.30878983]
 [-0.9313996 ]]",1436.0,679.0
701,"[[-0.2056392 ]
 [ 0.29343221]
 [-0.93360059]]",1446.0,671.0
702,"[[-0.2076649 ]
 [ 0.30331109]
 [-0.92998799]]",1455.0,675.0
703,"[[-0.20381091]
 [ 0.30223212]
 [-0.9311911 ]]",1457.0,675.0
704,"[[-0.17348959]
 [ 0.29173089]
 [-0.94063513]]",1431.0,664.0
705,"[[-0.15425685]
 [ 0.29823547]
 [-0.94194503]]",1395.0,662.0
706,"[[-0.14758506]
 [ 0.29961964]
 [-0.94257452]]",1363.0,660.0
707,"[[-0.15704932]
 [ 0.28684677]
 [-0.94501558]]",1347.0,647.0
708,"[[-0.17010697]
 [ 0.28007035]
 [-0.94478792]]",1348.0,633.0
709,"[[-0.18080322]
 [ 0.28435437]
 [-0.94151622]]",1358.0,627.0
710,"[[-0.18203809]
 [ 0.28263217]
 [-0.94179679]]",1367.0,622.0
711,"[[-0.18845686]
 [ 0.26711601]
 [-0.94505717]]",1378.0,603.0
712,"[[-0.20012819]
 [ 0.26134192]
 [-0.94427173]]",1396.0,583.0
713,"[[-0.20375672]
 [ 0.26294235]
 [-0.94305065]]",1412.0,570.0
714,"[[-0.19799905]
 [ 0.26316326]
 [-0.94421474]]",1420.0,561.0
715,"[[-0.20438665]
 [ 0.26555742]
 [-0.94218117]]",1432.0,558.0
716,"[[-0.19522755]
 [ 0.27309836]
 [-0.94196788]]",1433.0,562.0
717,"[[-0.1948518 ]
 [ 0.27071101]
 [-0.94273449]]",1432.0,562.0
718,"[[-0.1996586 ]
 [ 0.2731568 ]
 [-0.94102168]]",1437.0,565.0
719,"[[-0.20913606]
 [ 0.26963523]
 [-0.93997816]]",1447.0,563.0
720,"[[-0.21116348]
 [ 0.26120041]
 [-0.94190463]]",1457.0,554.0
721,"[[-0.19144511]
 [ 0.25892512]
 [-0.94673468]]",1447.0,546.0
722,"[[-0.17539665]
 [ 0.26902725]
 [-0.94702711]]",1425.0,548.0
723,"[[-0.17627083]
 [ 0.27256373]
 [-0.94585284]]",1410.0,552.0
724,"[[-0.1772075 ]
 [ 0.27286282]
 [-0.94559155]]",1400.0,556.0
725,"[[-0.18565449]
 [ 0.27592053]
 [-0.9430802 ]]",1400.0,562.0
726,"[[-0.19596581]
 [ 0.29873738]
 [-0.9339986 ]]",1411.0,589.0
727,"[[-0.22666081]
 [ 0.32513144]
 [-0.91810371]]",1449.0,637.0
728,"[[-0.21362953]
 [ 0.3344087 ]
 [-0.9178961 ]]",1467.0,682.0
729,"[[-0.21976328]
 [ 0.34610931]
 [-0.91209234]]",1487.0,726.0
730,"[[-0.21731544]
 [ 0.34039175]
 [-0.91482646]]",1499.0,754.0
731,"[[-0.20391123]
 [ 0.34576683]
 [-0.91589601]]",1496.0,778.0
732,"[[-0.20420174]
 [ 0.34583867]
 [-0.91580416]]",1495.0,796.0
733,"[[-0.20860176]
 [ 0.35058826]
 [-0.91300229]]",1498.0,815.0
734,"[[-0.2152745 ]
 [ 0.35201951]
 [-0.91090019]]",1506.0,831.0
735,"[[-0.22024644]
 [ 0.34578588]
 [-0.91209848]]",1515.0,834.0
736,"[[-0.23124719]
 [ 0.3459162 ]
 [-0.90932212]]",1531.0,837.0
737,"[[-0.22028365]
 [ 0.35006119]
 [-0.91045718]]",1532.0,843.0
738,"[[-0.22192298]
 [ 0.35305779]
 [-0.90890065]]",1535.0,850.0
739,"[[-0.22502732]
 [ 0.35091114]
 [-0.90896869]]",1540.0,853.0
740,"[[-0.23817049]
 [ 0.34833405]
 [-0.90660808]]",1556.0,855.0
741,"[[-0.22776859]
 [ 0.34768852]
 [-0.90952414]]",1559.0,855.0
742,"[[-0.2365474 ]
 [ 0.34852153]
 [-0.9069609 ]]",1569.0,856.0
743,"[[-0.22117488]
 [ 0.34994481]
 [-0.91028584]]",1561.0,857.0
744,"[[-0.23900722]
 [ 0.34438927]
 [-0.90789403]]",1573.0,853.0
745,"[[-0.2268043 ]
 [ 0.35295743]
 [-0.90773391]]",1572.0,861.0
746,"[[-0.2128004 ]
 [ 0.36072172]
 [-0.90807259]]",1560.0,874.0
747,"[[-0.22596886]
 [ 0.35063679]
 [-0.90884097]]",1564.0,874.0
748,"[[-0.2357374 ]
 [ 0.34796284]
 [-0.90738621]]",1575.0,873.0
749,"[[-0.2127216 ]
 [ 0.34974153]
 [-0.91237623]]",1563.0,872.0
750,"[[-0.20823544]
 [ 0.34893413]
 [-0.91371931]]",1551.0,871.0
751,"[[-0.23625044]
 [ 0.34393542]
 [-0.90878719]]",1569.0,867.0
752,"[[-0.23574331]
 [ 0.3400226 ]
 [-0.91038988]]",1579.0,859.0
753,"[[-0.2111087 ]
 [ 0.33995802]
 [-0.91643967]]",1563.0,850.0
754,"[[-0.20719137]
 [ 0.34226331]
 [-0.91647562]]",1548.0,845.0
755,"[[-0.2057557 ]
 [ 0.34027725]
 [-0.917538  ]]",1534.0,839.0
756,"[[-0.21102943]
 [ 0.34166844]
 [-0.91582163]]",1530.0,836.0
757,"[[-0.2128399 ]
 [ 0.33364958]
 [-0.91835567]]",1528.0,827.0
758,"[[-0.20995981]
 [ 0.33698465]
 [-0.91780075]]",1523.0,823.0
759,"[[-0.21502139]
 [ 0.33697454]
 [-0.91663186]]",1525.0,820.0
760,"[[-0.21286045]
 [ 0.33895071]
 [-0.91640757]]",1524.0,820.0
761,"[[-0.20020669]
 [ 0.33185731]
 [-0.92183947]]",1511.0,812.0
762,"[[-0.21735084]
 [ 0.32378336]
 [-0.92082732]]",1518.0,799.0
763,"[[-0.21665691]
 [ 0.32643779]
 [-0.92005334]]",1522.0,793.0
764,"[[-0.20448104]
 [ 0.32802818]
 [-0.92227166]]",1515.0,790.0
765,"[[-0.19738311]
 [ 0.33148819]
 [-0.92258088]]",1503.0,791.0
766,"[[-0.20414238]
 [ 0.33406721]
 [-0.92017661]]",1500.0,794.0
767,"[[-0.19508803]
 [ 0.32960864]
 [-0.92374174]]",1489.0,791.0
768,"[[-0.21213457]
 [ 0.32278469]
 [-0.92239307]]",1496.0,782.0
769,"[[-0.19444319]
 [ 0.32508294]
 [-0.92547984]]",1486.0,777.0
770,"[[-0.20298148]
 [ 0.32210703]
 [-0.92468674]]",1485.0,770.0
771,"[[-0.20138652]
 [ 0.31882476]
 [-0.92617182]]",1483.0,762.0
772,"[[-0.18901402]
 [ 0.33127349]
 [-0.92440877]]",1469.0,766.0
773,"[[-0.12717071]
 [ 0.31439775]
 [-0.94073464]]",1404.0,749.0
774,"[[ 0.0602086 ]
 [ 0.27437352]
 [-0.95973647]]",1195.0,698.0
775,"[[ 0.07649088]
 [ 0.26405759]
 [-0.96146905]]",1029.0,650.0
776,"[[ 0.07713964]
 [ 0.26269245]
 [-0.96179112]]",907.0,614.0
777,"[[ 0.0861066 ]
 [ 0.26040648]
 [-0.96165177]]",811.0,586.0
778,"[[ 0.09167616]
 [ 0.26169051]
 [-0.96078799]]",735.0,566.0
779,"[[ 0.08213391]
 [ 0.26148738]
 [-0.96170597]]",688.0,551.0
780,"[[ 0.07443804]
 [ 0.25647312]
 [-0.96368071]]",660.0,535.0
781,"[[ 0.0955861 ]
 [ 0.274059  ]
 [-0.95695087]]",621.0,538.0
782,"[[ 0.10353582]
 [ 0.26806752]
 [-0.95782051]]",587.0,535.0
783,"[[ 0.11951799]
 [ 0.26519945]
 [-0.95675739]]",548.0,531.0
784,"[[ 0.13446152]
 [ 0.2633949 ]
 [-0.95527129]]",507.0,526.0
785,"[[ 0.12274838]
 [ 0.24080545]
 [-0.96278013]]",488.0,503.0
786,"[[ 0.11732154]
 [ 0.23896286]
 [-0.96391515]]",478.0,484.0
787,"[[ 0.12659471]
 [ 0.24044546]
 [-0.96237194]]",463.0,473.0
788,"[[ 0.13001875]
 [ 0.26448897]
 [-0.95558396]]",448.0,486.0
789,"[[ 0.09369906]
 [ 0.26366173]
 [-0.96005363]]",467.0,497.0
790,"[[-0.04752278]
 [ 0.07146167]
 [-0.9963106 ]]",599.0,341.0
791,"[[-0.01902943]
 [ 0.10557481]
 [-0.99422927]]",672.0,256.0
792,"[[-0.045494  ]
 [ 0.07197513]
 [-0.99636834]]",746.0,166.0
793,"[[ 0.06634667]
 [ 0.18743059]
 [-0.98003464]]",708.0,197.0
794,"[[ 0.08709827]
 [ 0.2240401 ]
 [-0.97068014]]",663.0,251.0
795,"[[ 0.11304994]
 [ 0.25459107]
 [-0.96041819]]",608.0,317.0
796,"[[ 0.13652486]
 [ 0.23871707]
 [-0.96144429]]",548.0,352.0
797,"[[ 0.12671993]
 [ 0.25040606]
 [-0.95981189]]",513.0,386.0
798,"[[ 0.12740403]
 [ 0.25453161]
 [-0.95863542]]",487.0,414.0
799,"[[ 0.1121067 ]
 [ 0.23929335]
 [-0.96445362]]",481.0,422.0
800,"[[ 0.10182286]
 [ 0.22425628]
 [-0.96919617]]",485.0,416.0
801,"[[ 0.11277456]
 [ 0.25015065]
 [-0.96161663]]",478.0,433.0
802,"[[ 0.119505  ]
 [ 0.25030188]
 [-0.96076403]]",467.0,447.0
803,"[[ 0.11497773]
 [ 0.25254389]
 [-0.96072978]]",463.0,459.0
804,"[[ 0.11718197]
 [ 0.25589438]
 [-0.95957618]]",458.0,471.0
805,"[[ 0.12648458]
 [ 0.26086408]
 [-0.9570536 ]]",447.0,483.0
806,"[[ 0.12825474]
 [ 0.26634667]
 [-0.95530633]]",437.0,495.0
807,"[[ 0.11848943]
 [ 0.26149577]
 [-0.95790408]]",439.0,500.0
808,"[[ 0.1168091 ]
 [ 0.25633858]
 [-0.95950308]]",442.0,499.0
809,"[[ 0.11839824]
 [ 0.25501111]
 [-0.95966202]]",443.0,497.0
810,"[[ 0.11922149]
 [ 0.26692936]
 [-0.95631321]]",442.0,506.0
811,"[[ 0.12200236]
 [ 0.26206894]
 [-0.95730627]]",440.0,508.0
812,"[[ 0.11577571]
 [ 0.25284815]
 [-0.9605539 ]]",444.0,502.0
813,"[[ 0.10536362]
 [ 0.25887013]
 [-0.9601483 ]]",455.0,502.0
814,"[[ 0.12778119]
 [ 0.25641004]
 [-0.95808447]]",444.0,501.0
815,"[[ 0.12838072]
 [ 0.25425714]
 [-0.95857796]]",436.0,500.0
816,"[[ 0.1265676 ]
 [ 0.25268325]
 [-0.95923502]]",431.0,497.0
817,"[[ 0.13832214]
 [ 0.25660214]
 [-0.95656799]]",417.0,499.0
818,"[[ 0.12953119]
 [ 0.26228733]
 [-0.95625678]]",414.0,505.0
819,"[[ 0.13179507]
 [ 0.26340462]
 [-0.95564013]]",410.0,510.0
820,"[[ 0.1273043 ]
 [ 0.26282701]
 [-0.95640764]]",411.0,513.0
821,"[[ 0.119432  ]
 [ 0.24496662]
 [-0.96214726]]",419.0,499.0
822,"[[ 0.11618974]
 [ 0.24465094]
 [-0.96262447]]",428.0,489.0
823,"[[ 0.11080401]
 [ 0.24669784]
 [-0.96273706]]",439.0,483.0
824,"[[ 0.10997165]
 [ 0.24524182]
 [-0.96320438]]",448.0,477.0
825,"[[ 0.10716932]
 [ 0.23576142]
 [-0.96588368]]",457.0,464.0
826,"[[ 0.10616969]
 [ 0.24064486]
 [-0.96478912]]",464.0,459.0
827,"[[ 0.11026157]
 [ 0.26326571]
 [-0.95840156]]",465.0,476.0
828,"[[ 0.1206678 ]
 [ 0.34970868]
 [-0.92905496]]",454.0,571.0
829,"[[ 0.10053489]
 [ 0.36060836]
 [-0.92728331]]",462.0,653.0
830,"[[ 0.10531003]
 [ 0.35353593]
 [-0.92947412]]",465.0,706.0
831,"[[ 0.11040801]
 [ 0.35860092]
 [-0.92693875]]",462.0,751.0
832,"[[ 0.11256286]
 [ 0.3567305 ]
 [-0.92740118]]",459.0,781.0
833,"[[ 0.10872017]
 [ 0.36160561]
 [-0.92597047]]",459.0,808.0
834,"[[ 0.1175714 ]
 [ 0.35884586]
 [-0.92596253]]",452.0,825.0
835,"[[ 0.10735609]
 [ 0.35570728]
 [-0.92841101]]",456.0,835.0
836,"[[ 0.11852903]
 [ 0.3574972 ]
 [-0.92636203]]",449.0,844.0
837,"[[ 0.11259779]
 [ 0.35941704]
 [-0.92635907]]",449.0,849.0
838,"[[ 0.10947313]
 [ 0.36029384]
 [-0.926393  ]]",452.0,853.0
839,"[[ 0.11858243]
 [ 0.36734156]
 [-0.92249574]]",446.0,864.0
840,"[[ 0.11611403]
 [ 0.3633109 ]
 [-0.92440398]]",444.0,867.0
841,"[[ 0.10898547]
 [ 0.37723483]
 [-0.91968258]]",448.0,884.0
842,"[[ 0.10622172]
 [ 0.37942146]
 [-0.91910625]]",453.0,898.0
843,"[[ 0.0967102 ]
 [ 0.36648836]
 [-0.92538285]]",466.0,895.0
844,"[[ 0.09303574]
 [ 0.36312887]
 [-0.9270824 ]]",478.0,888.0
845,"[[ 0.09483145]
 [ 0.36934018]
 [-0.92444298]]",486.0,890.0
846,"[[ 0.09313449]
 [ 0.37147419]
 [-0.92376019]]",493.0,895.0
847,"[[ 0.09213882]
 [ 0.36400158]
 [-0.9268297 ]]",499.0,890.0
848,"[[ 0.09648497]
 [ 0.36948537]
 [-0.92421383]]",499.0,893.0
849,"[[ 0.09215818]
 [ 0.36862646]
 [-0.92499805]]",503.0,894.0
850,"[[ 0.08478746]
 [ 0.366465  ]
 [-0.92656057]]",512.0,895.0
851,"[[ 0.06774663]
 [ 0.35205764]
 [-0.93352333]]",534.0,880.0
852,"[[ 0.06958516]
 [ 0.35610428]
 [-0.93185173]]",549.0,873.0
853,"[[ 0.06402187]
 [ 0.36556279]
 [-0.92858228]]",565.0,876.0
854,"[[ 0.06526598]
 [ 0.3652214 ]
 [-0.92863   ]]",575.0,878.0
855,"[[ 0.06426252]
 [ 0.36082133]
 [-0.93041834]]",583.0,876.0
856,"[[ 0.06119418]
 [ 0.35930638]
 [-0.93121115]]",592.0,874.0
857,"[[ 0.05006357]
 [ 0.35912514]
 [-0.93194569]]",608.0,871.0
858,"[[ 0.04572878]
 [ 0.35253195]
 [-0.93468182]]",624.0,863.0
859,"[[ 0.0624682 ]
 [ 0.35650145]
 [-0.93220408]]",620.0,861.0
860,"[[ 0.09823951]
 [ 0.35346033]
 [-0.93027673]]",586.0,857.0
