,frame,ridge_x,ridge_y,lin_x,lin_y,poly_x,poly_y
0,0,726,559,726,559,707,602
1,1,807,572,807,572,794,620
2,2,813,591,813,591,802,640
3,3,813,591,813,591,802,640
4,4,862,600,862,600,856,650
5,5,844,586,844,586,835,635
6,6,781,613,781,613,772,662
7,7,804,562,804,562,789,608
8,8,791,562,791,562,776,608
9,9,837,583,837,583,826,632
10,10,760,488,760,488,738,531
11,11,715,507,715,507,692,548
12,12,726,513,726,513,705,554
13,13,698,428,698,428,673,467
14,14,698,428,698,428,673,467
15,15,631,483,631,483,606,516
16,16,680,542,680,542,658,581
17,17,690,496,690,496,666,535
18,18,670,521,670,521,647,558
19,19,510,504,510,504,481,522
20,20,495,518,495,518,465,533
21,21,713,390,713,390,689,430
22,22,738,233,738,233,725,278
23,23,859,277,859,277,837,318
24,24,687,401,687,401,663,439
25,25,639,588,639,588,619,625
26,26,539,504,539,504,511,526
27,27,553,542,553,542,526,567
28,28,553,542,553,542,526,567
29,29,682,398,682,398,657,436
30,30,669,464,669,464,644,500
31,31,824,418,824,418,800,460
32,32,759,404,759,404,735,445
33,33,796,461,796,461,773,504
34,34,774,464,774,464,751,506
35,35,795,458,795,458,771,501
36,36,809,491,809,491,788,535
37,37,831,233,831,233,813,277
38,38,768,257,768,257,751,301
39,39,768,257,768,257,751,301
40,40,720,295,720,295,701,337
41,41,699,293,699,293,681,334
42,42,675,415,675,415,650,452
43,43,840,206,840,206,825,251
44,44,821,285,821,285,800,327
45,45,852,312,852,312,828,353
46,46,843,358,843,358,819,400
47,47,821,263,821,263,801,306
48,48,821,393,821,393,796,435
49,49,762,423,762,423,737,465
50,50,762,423,762,423,737,465
51,51,705,290,705,290,687,332
52,52,705,290,705,290,687,332
53,53,705,293,705,293,687,334
54,54,744,380,744,380,720,421
55,55,749,323,749,323,727,364
56,56,785,361,785,361,761,403
57,57,747,350,747,350,724,391
58,58,772,380,772,380,747,421
59,59,779,410,779,410,754,451
60,60,731,238,731,238,718,283
61,61,848,38,848,38,861,93
62,62,842,173,842,173,831,219
63,63,823,67,823,67,832,121
64,64,752,-11,752,-11,788,53
65,65,760,67,760,67,774,124
66,66,822,46,822,46,836,102
67,67,807,143,807,143,803,193
68,68,829,236,829,236,811,280
69,69,818,233,818,233,801,277
70,70,848,130,848,130,843,178
71,71,929,103,929,103,922,147
72,72,929,103,929,103,922,147
73,73,859,149,859,149,850,195
74,74,859,21,859,21,875,77
75,75,864,8,864,8,882,64
76,76,868,-30,868,-30,896,29
77,77,872,-25,872,-25,898,34
78,78,891,217,891,217,872,259
79,79,879,89,879,89,878,138
80,80,895,130,895,130,887,175
81,81,866,230,866,230,847,273
82,82,881,173,881,173,867,217
83,83,874,165,874,165,862,210
84,84,1039,182,1039,182,1013,210
85,85,974,209,974,209,951,244
86,86,857,255,857,255,837,297
87,87,873,293,873,293,849,334
88,88,968,274,968,274,941,309
89,89,856,122,856,122,852,170
90,90,967,114,967,114,954,153
91,91,969,106,969,106,958,145
92,92,969,106,969,106,958,145
93,93,958,32,958,32,960,78
94,94,952,30,952,30,956,76
95,95,1000,106,1000,106,986,141
96,96,972,79,972,79,965,119
97,97,945,195,945,195,924,234
98,98,859,97,859,97,859,147
99,99,859,-28,859,-28,887,33
100,100,1040,-52,1040,-52,1051,-12
101,101,934,-22,934,-22,951,30
102,102,934,-22,934,-22,951,30
103,103,830,70,830,70,838,124
104,104,832,168,832,168,823,215
105,105,839,190,839,190,826,235
106,106,904,-33,904,-33,928,24
107,107,824,133,824,133,821,182
108,108,818,84,818,84,824,137
109,109,890,70,890,70,892,120
110,110,681,187,681,187,677,233
111,111,492,347,492,347,472,366
112,112,492,347,492,347,472,366
113,113,531,379,531,379,508,403
114,114,461,577,461,577,431,587
115,115,608,436,608,436,582,468
116,116,490,480,490,480,460,494
117,117,522,396,522,396,497,417
118,118,603,466,603,466,576,497
119,119,494,626,494,626,468,642
120,120,570,496,570,496,542,523
121,121,509,447,509,447,481,466
122,122,531,496,531,496,503,517
123,123,558,539,558,539,532,565
124,124,506,564,506,564,478,581
125,125,531,575,531,575,504,596
126,126,635,450,635,450,610,484
127,127,516,523,516,523,487,542
128,128,579,496,579,496,552,524
129,129,617,371,617,371,594,405
130,130,620,434,620,434,595,466
131,131,588,488,588,488,561,517
132,132,561,531,561,531,534,557
133,133,571,423,571,423,545,450
134,134,579,409,579,409,553,438
135,135,500,580,500,580,471,596
136,136,609,447,609,447,583,479
137,137,556,485,556,485,528,510
138,138,499,452,499,452,471,469
139,139,505,433,505,433,477,452
140,140,433,257,433,257,428,274
141,141,454,352,454,352,434,365
142,142,428,393,428,393,403,399
143,143,394,238,394,238,394,249
144,144,547,355,547,355,525,381
145,145,498,349,498,349,477,370
146,146,481,319,481,319,465,339
147,147,448,480,448,480,417,487
148,148,524,347,524,347,504,371
149,149,586,349,586,349,564,381
150,150,547,235,547,235,542,269
151,151,593,368,593,368,570,400
152,152,593,368,593,368,570,400
153,153,610,341,610,341,589,375
154,154,556,453,556,453,529,478
155,155,615,428,615,428,589,460
156,156,662,417,662,417,637,454
157,157,579,469,579,469,552,497
158,158,643,461,643,461,618,495
159,159,663,466,663,466,637,503
160,160,660,461,660,461,635,497
161,161,625,420,625,420,600,453
162,162,422,352,422,352,401,360
163,163,233,371,233,371,209,334
164,164,340,216,340,216,346,220
165,165,352,110,352,110,388,129
166,166,292,37,292,37,358,55
167,167,302,118,302,118,338,126
168,168,174,104,174,104,223,85
169,169,212,88,212,88,264,81
170,170,217,110,217,110,261,100
171,171,196,37,196,37,270,34
172,172,135,96,135,96,190,67
173,173,188,134,188,134,225,113
174,174,184,12,184,12,269,11
175,175,200,58,200,58,265,53
176,176,323,18,323,18,394,45
177,177,264,50,264,50,327,61
178,178,356,-61,356,-61,455,-14
179,179,389,-55,389,-55,482,-5
180,180,327,15,327,15,398,44
181,181,204,324,204,324,188,284
182,182,323,433,323,433,292,416
183,183,671,244,671,244,659,286
184,184,519,368,519,368,496,391
185,185,114,381,114,381,86,308
186,186,186,140,186,140,221,117
187,187,144,77,144,77,205,54
188,188,253,53,253,53,316,61
189,189,204,26,204,26,281,27
190,190,274,-69,274,-69,386,-35
191,191,266,-99,266,-99,393,-61
192,192,259,-91,259,-91,383,-55
193,193,252,-300,252,-300,492,-217
194,194,233,-91,233,-91,360,-61
195,195,293,-80,293,-80,408,-40
196,196,231,-20,231,-20,326,-5
197,197,224,-121,224,-121,367,-86
198,198,314,-134,314,-134,452,-80
199,199,222,-140,222,-140,375,-102
200,200,182,-151,182,-151,346,-119
201,201,320,-56,320,-56,421,-16
202,202,353,26,353,26,418,57
203,203,305,12,305,12,380,37
204,204,300,-9,300,-9,384,18
205,205,200,96,200,96,250,85
206,206,245,26,245,26,319,36
207,207,203,-37,203,-37,308,-24
208,208,269,12,269,12,346,30
209,209,207,164,207,164,234,144
210,210,266,238,266,238,270,223
211,211,318,278,318,278,311,271
212,212,332,384,332,384,307,372
213,213,784,469,784,469,761,512
214,214,720,399,720,399,696,438
215,215,863,581,863,581,854,629
216,216,853,592,853,592,844,641
217,217,953,600,953,600,951,648
218,218,925,464,925,464,904,505
219,219,1010,445,1010,445,988,480
220,220,1148,410,1148,410,1122,426
221,221,777,939,777,939,851,1022
222,222,962,643,962,643,969,695
223,223,1025,668,1025,668,1042,719
224,224,1012,573,1012,573,1008,616
225,225,983,676,983,676,999,731
226,226,1013,614,1013,614,1017,660
227,227,1020,573,1020,573,1016,615
228,228,1035,576,1035,576,1032,617
229,229,1023,703,1023,703,1049,759
230,230,1093,562,1093,562,1090,597
231,231,1102,540,1102,540,1095,572
232,232,1031,619,1031,619,1037,665
233,233,1056,562,1056,562,1052,601
234,234,1040,619,1040,619,1047,664
235,235,1114,535,1114,535,1105,565
236,236,1060,673,1060,673,1081,723
237,237,1075,755,1075,755,1121,814
238,238,1009,728,1009,728,1041,787
239,239,987,755,987,755,1025,818
240,240,1018,627,1018,627,1025,675
241,241,994,687,994,687,1013,742
242,242,948,592,948,592,944,640
243,243,1047,567,1047,567,1042,607
244,244,1056,600,1056,600,1059,642
245,245,1001,527,1001,527,988,567
246,246,939,733,939,733,966,795
247,247,961,692,961,692,979,749
248,248,897,700,897,700,912,759
249,249,892,763,892,763,924,828
250,250,849,687,849,687,858,743
251,251,936,565,936,565,927,611
252,252,876,689,876,689,888,747
253,253,806,477,806,477,784,521
254,254,836,499,836,499,816,544
255,255,853,486,853,486,833,530
256,256,878,442,878,442,855,484
257,257,886,529,886,529,871,575
258,258,887,611,887,611,884,661
259,259,866,535,866,535,850,581
260,260,859,535,859,535,844,581
261,261,793,545,793,545,777,591
262,262,601,521,601,521,575,551
263,263,667,453,667,453,642,489
264,264,644,469,644,469,618,504
265,265,533,434,533,434,505,456
266,266,520,439,520,439,492,459
267,267,544,469,544,469,516,492
268,268,442,537,442,537,409,542
269,269,361,452,361,452,329,443
270,270,217,569,217,569,172,517
271,271,339,659,339,659,303,641
272,272,364,466,364,466,331,456
273,273,301,517,301,517,262,491
274,274,353,534,353,534,316,520
275,275,523,602,523,602,498,623
276,276,487,450,487,450,459,465
277,277,384,577,384,577,349,570
278,278,409,553,409,553,375,551
279,279,488,539,488,539,457,553
280,280,371,523,371,523,335,513
281,281,328,626,328,626,290,605
282,282,386,574,386,574,351,568
283,283,375,604,375,604,340,595
284,284,411,575,411,575,377,573
285,285,319,547,319,547,280,525
286,286,387,542,387,542,352,536
287,287,430,623,430,623,399,627
288,288,272,574,272,574,230,539
289,289,381,504,381,504,346,497
290,290,364,528,364,528,328,517
291,291,274,525,274,525,233,491
292,292,386,501,386,501,352,496
293,293,222,634,222,634,176,582
294,294,356,683,356,683,324,670
295,295,194,718,194,718,147,657
296,296,241,669,241,669,197,623
297,297,237,637,237,637,192,590
298,298,213,642,213,642,166,588
299,299,336,596,336,596,298,577
300,300,281,653,281,653,240,619
301,301,210,590,210,590,163,536
302,302,256,648,256,648,213,606
303,303,275,542,275,542,234,507
304,304,285,661,285,661,245,628
305,305,201,563,201,563,155,507
306,306,210,590,210,590,163,536
307,307,245,561,245,561,201,517
308,308,307,618,307,618,267,591
309,309,184,615,184,615,135,551
310,310,122,645,122,645,67,559
311,311,231,506,231,506,190,461
312,312,232,574,232,574,187,527
313,313,237,577,237,577,192,531
314,314,208,558,208,558,162,504
315,315,265,572,265,572,222,534
316,316,432,542,432,542,399,545
317,317,419,276,419,276,410,289
318,318,574,116,574,116,592,162
319,319,561,249,561,249,553,283
320,320,552,154,552,154,563,195
321,321,552,167,552,167,560,207
322,322,518,181,518,181,525,216
323,323,633,195,633,195,631,238
324,324,753,8,753,8,784,70
325,325,726,157,726,157,725,206
326,326,774,97,774,97,782,151
327,327,711,8,711,8,746,70
328,328,770,133,770,133,771,183
329,329,742,56,742,56,761,114
330,330,757,40,757,40,778,99
331,331,767,-180,767,-180,859,-94
332,332,666,-14,666,-14,713,51
333,333,682,5,682,5,721,68
334,334,763,-11,763,-11,798,53
335,335,730,162,730,162,728,211
336,336,374,436,374,436,343,430
337,337,691,434,691,434,666,472
338,338,748,399,748,399,723,440
339,339,835,325,835,325,811,367
340,340,753,369,753,369,729,410
341,341,706,456,706,456,681,495
342,342,498,577,498,577,470,593
343,343,203,525,203,525,159,471
344,344,464,67,464,67,505,108
345,345,519,91,519,91,549,136
346,346,657,-39,657,-39,712,30
347,347,621,-71,621,-71,692,1
348,348,604,-164,604,-164,714,-77
349,349,564,64,564,64,597,116
350,350,642,-109,642,-109,725,-31
351,351,496,-63,496,-63,580,0
352,352,631,-150,631,-150,732,-65
353,353,484,-23,484,-23,553,34
354,354,456,-167,456,-167,590,-88
355,355,549,-28,549,-28,613,34
356,356,557,-221,557,-221,701,-125
357,357,565,-175,565,-175,686,-87
358,358,514,-120,514,-120,619,-46
359,359,608,-299,608,-299,782,-187
360,360,585,-291,585,-291,760,-180
361,361,664,-256,664,-256,807,-152
362,362,566,-213,566,-213,705,-118
363,363,525,-213,525,-213,670,-120
364,364,517,124,517,124,538,164
365,365,722,100,722,100,733,154
366,366,764,73,764,73,777,128
367,367,707,108,707,108,717,161
368,368,806,287,806,287,785,330
369,369,800,453,800,453,777,496
370,370,707,317,707,317,686,358
371,371,894,217,894,217,875,258
372,372,885,255,885,255,863,296
373,373,873,369,873,369,848,410
374,374,964,380,964,380,938,416
375,375,933,342,933,342,907,380
376,376,925,247,925,247,901,286
377,377,806,233,806,233,790,278
378,378,772,328,772,328,749,370
379,379,875,271,875,271,853,312
380,380,879,372,879,372,854,412
381,381,911,258,911,258,888,297
382,382,975,233,975,233,950,268
383,383,861,233,861,233,842,276
384,384,915,323,915,323,890,362
385,385,867,241,867,241,847,284
386,386,789,260,789,260,771,304
387,387,847,203,847,203,831,248
388,388,826,296,826,296,804,338
389,389,806,217,806,217,792,262
390,390,773,152,773,152,770,201
391,391,835,236,835,236,817,280
392,392,881,239,881,239,860,280
393,393,802,252,802,252,784,296
394,394,813,146,813,146,808,195
395,395,814,244,814,244,796,288
396,396,885,372,885,372,860,412
397,397,821,279,821,279,800,322
398,398,730,366,730,366,706,407
399,399,807,287,807,287,786,330
400,400,770,317,770,317,748,360
401,401,771,268,771,268,753,312
402,402,704,314,704,314,684,355
403,403,807,304,807,304,785,346
404,404,805,355,805,355,781,397
405,405,798,214,798,214,784,260
406,406,786,271,786,271,767,315
407,407,772,301,772,301,751,344
408,408,879,266,879,266,857,307
409,409,834,260,834,260,814,303
410,410,856,241,856,241,836,284
411,411,771,409,771,409,747,451
412,412,818,369,818,369,793,411
413,413,860,298,860,298,836,340
414,414,882,396,882,396,857,437
415,415,834,385,834,385,809,427
416,416,736,236,736,236,723,280
417,417,666,350,666,350,644,387
418,418,517,423,517,423,490,443
419,419,43,639,43,639,-19,523
420,420,115,444,115,444,77,366
421,421,216,387,216,387,189,345
422,422,224,267,224,267,221,239
423,423,282,379,282,379,257,355
424,424,283,238,283,238,286,227
425,425,161,284,161,284,155,235
426,426,177,292,177,292,169,247
427,427,241,254,241,254,241,231
428,428,247,292,247,292,239,267
429,429,299,325,299,325,283,309
430,430,268,414,268,414,238,384
431,431,204,305,204,305,193,267
432,432,271,344,271,344,251,319
433,433,193,352,193,352,172,306
434,434,188,156,188,156,219,132
435,435,134,156,134,156,167,117
436,436,144,270,144,270,142,218
437,437,201,281,201,281,195,244
438,438,186,365,186,365,163,316
439,439,234,20,234,20,311,29
440,440,245,148,245,148,275,139
441,441,186,159,186,159,216,134
442,442,460,884,460,884,472,908
443,443,240,224,240,224,248,204
444,444,208,392,208,392,180,347
445,445,156,463,156,463,116,397
446,446,229,267,229,267,226,240
447,447,253,319,253,319,239,293
448,448,184,292,184,292,176,249
449,449,240,224,240,224,248,204
450,450,63,286,63,286,58,207
451,451,214,221,214,221,224,195
452,452,195,180,195,180,217,155
453,453,232,121,232,121,272,113
454,454,278,333,278,333,261,311
455,455,240,227,240,227,247,207
456,456,236,224,236,224,244,203
457,457,404,257,404,257,400,269
458,458,460,319,460,319,443,336
459,459,513,246,513,246,507,275
460,460,636,290,636,290,620,328
461,461,645,176,645,176,646,221
462,462,640,206,640,206,635,249
463,463,672,157,672,157,675,205
464,464,612,192,612,192,612,234
465,465,662,236,662,236,652,278
466,466,656,149,656,149,661,197
467,467,787,304,787,304,765,346
468,468,781,233,781,233,766,278
469,469,797,157,797,157,791,206
470,470,826,179,826,179,816,225
471,471,836,201,836,201,822,246
472,472,877,298,877,298,853,339
473,473,863,298,863,298,839,340
474,474,887,184,887,184,872,227
475,475,750,92,750,92,761,146
476,476,813,190,813,190,801,236
477,477,864,184,864,184,850,229
478,478,759,255,759,255,742,299
479,479,835,298,835,298,813,341
480,480,885,220,885,220,866,262
481,481,942,355,942,355,916,393
482,482,847,301,847,301,824,343
483,483,821,336,821,336,798,378
484,484,815,415,815,415,791,457
485,485,734,228,734,228,722,273
486,486,720,401,720,401,695,441
487,487,735,722,735,722,742,775
488,488,728,689,728,689,728,740
489,489,715,673,715,673,711,721
490,490,689,648,689,648,679,693
491,491,560,705,560,705,548,736
492,492,681,567,681,567,662,607
493,493,615,540,615,540,591,572
494,494,595,401,595,401,570,432
495,495,706,426,706,426,681,465
496,496,754,344,754,344,731,386
497,497,653,298,653,298,636,337
498,498,616,344,616,344,594,378
499,499,624,301,624,301,607,337
500,500,757,524,757,524,738,567
501,501,692,263,692,263,677,305
502,502,669,428,669,428,644,465
503,503,828,279,828,279,807,322
504,504,713,252,713,252,699,295
505,505,710,420,710,420,685,460
506,506,622,254,622,254,610,293
507,507,704,252,704,252,690,295
508,508,745,304,745,304,725,346
509,509,773,314,773,314,751,357
510,510,708,187,708,187,703,234
511,511,662,230,662,230,652,273
512,512,658,81,658,81,679,135
513,513,688,75,688,75,707,131
514,514,788,135,788,135,787,185
515,515,832,105,832,105,833,156
516,516,720,113,720,113,728,166
517,517,800,209,800,209,787,254
518,518,785,173,785,173,778,221
519,519,777,214,777,214,765,260
520,520,943,437,943,437,920,476
521,521,1020,467,1020,467,1000,502
522,522,1059,538,1059,538,1050,574
523,523,1014,437,1014,437,992,471
524,524,972,377,972,377,946,413
525,525,967,494,967,494,950,535
526,526,978,562,978,562,970,606
527,527,990,605,990,605,990,653
528,528,1011,491,1011,491,994,529
529,529,1010,548,1010,548,1002,590
530,530,933,638,933,638,938,690
531,531,828,681,828,681,834,737
532,532,916,603,916,603,913,652
533,533,991,643,991,643,1000,694
534,534,968,681,968,681,985,737
535,535,861,703,861,703,874,761
536,536,914,616,914,616,913,667
537,537,1055,649,1055,649,1069,696
538,538,888,681,888,681,899,738
539,539,1041,793,1041,793,1096,859
540,540,917,649,917,649,922,702
541,541,1039,619,1039,619,1045,664
542,542,994,684,994,684,1013,739
543,543,991,695,991,695,1013,751
544,544,1009,711,1009,711,1036,769
545,545,978,622,978,622,982,671
546,546,986,673,986,673,1002,727
547,547,890,627,890,627,890,679
548,548,935,611,935,611,934,661
549,549,947,676,947,676,961,732
550,550,869,567,869,567,858,615
551,551,933,567,933,567,924,614
552,552,976,540,976,540,965,583
553,553,907,589,907,589,901,638
554,554,922,540,922,540,909,585
555,555,952,535,952,535,939,579
556,556,876,575,876,575,867,624
557,557,966,624,966,624,969,674
558,558,941,562,941,562,932,608
559,559,832,534,832,534,815,580
560,560,813,483,813,483,792,527
561,561,755,534,755,534,735,578
562,562,658,675,658,675,650,718
563,563,743,570,743,570,726,614
564,564,761,524,761,524,741,567
565,565,716,589,716,589,700,632
566,566,766,494,766,494,744,536
567,567,823,475,823,475,802,518
568,568,853,513,853,513,835,558
569,569,723,477,723,477,699,518
570,570,727,510,727,510,705,551
571,571,891,334,891,334,866,374
572,572,950,358,950,358,923,395
573,573,978,369,978,369,951,404
574,574,1073,345,1073,345,1043,369
575,575,1018,467,1018,467,999,502
576,576,1005,350,1005,350,977,382
577,577,973,410,973,410,948,446
578,578,1009,470,1009,470,989,506
579,579,1006,516,1006,516,993,555
580,580,1091,494,1091,494,1075,524
581,581,1070,527,1070,527,1059,561
582,582,1011,529,1011,529,999,569
583,583,1017,546,1017,546,1008,586
584,584,1036,475,1036,475,1017,509
585,585,999,548,999,548,990,590
586,586,1085,451,1085,451,1064,478
587,587,1023,480,1023,480,1005,516
588,588,1061,369,1061,369,1033,396
589,589,1015,448,1015,448,993,483
590,590,1005,505,1005,505,989,544
591,591,943,518,943,518,928,562
592,592,1077,456,1077,456,1056,485
593,593,978,480,978,480,960,520
594,594,1004,432,1004,432,981,466
595,595,923,480,923,480,903,522
596,596,1038,383,1038,383,1011,412
597,597,1001,445,1001,445,979,481
598,598,1032,442,1032,442,1010,475
599,599,1072,356,1072,356,1043,380
600,600,935,573,935,573,927,620
601,601,1035,486,1035,486,1017,521
602,602,1142,451,1142,451,1121,471
603,603,1099,489,1099,489,1083,517
604,604,1002,527,1002,527,990,567
605,605,1125,597,1125,597,1130,632
606,606,1081,489,1081,489,1064,519
607,607,966,491,966,491,949,532
608,608,883,429,883,429,859,470
609,609,1044,396,1044,396,1018,426
610,610,1028,358,1028,358,1000,388
611,611,1111,592,1111,592,1115,628
612,612,979,548,979,548,970,592
613,613,971,502,971,502,955,543
614,614,1058,513,1058,513,1045,548
615,615,990,548,990,548,981,591
616,616,942,679,942,679,956,735
617,617,1086,559,1086,559,1082,595
618,618,1058,521,1058,521,1046,556
619,619,784,562,784,562,768,608
620,620,834,399,834,399,809,441
621,621,797,410,797,410,773,452
622,622,800,391,800,391,775,433
623,623,1108,261,1108,261,1075,278
624,624,1037,388,1037,388,1010,418
625,625,1123,380,1123,380,1094,399
626,626,1134,326,1134,326,1101,341
627,627,1088,391,1088,391,1060,415
628,628,1069,429,1069,429,1046,457
629,629,1097,437,1097,437,1075,462
630,630,1087,386,1087,386,1059,409
631,631,1210,337,1210,337,1175,339
632,632,1161,405,1161,405,1135,419
633,633,1180,519,1180,519,1170,538
634,634,1246,511,1246,511,1236,518
635,635,1080,440,1080,440,1058,467
636,636,1250,408,1250,408,1223,405
637,637,1209,421,1209,421,1183,428
638,638,1240,364,1240,364,1207,361
639,639,1232,215,1232,215,1192,208
640,640,1278,231,1278,231,1235,214
641,641,1323,185,1323,185,1276,155
642,642,1318,332,1318,332,1279,309
643,643,1214,413,1214,413,1188,418
644,644,994,532,994,532,982,573
645,645,875,108,875,108,871,156
646,646,783,130,783,130,783,181
647,647,876,334,876,334,851,374
648,648,799,567,799,567,784,614
649,649,919,630,919,630,921,682
650,650,847,602,847,602,840,652
651,651,1015,676,1015,676,1033,729
652,652,1061,386,1061,386,1033,413
653,653,1100,470,1100,470,1081,497
654,654,1162,310,1162,310,1128,319
655,655,1098,318,1098,318,1066,338
656,656,1099,350,1099,350,1068,371
657,657,1258,204,1258,204,1216,191
658,658,1271,171,1271,171,1228,155
659,659,1220,196,1220,196,1181,191
660,660,1205,250,1205,250,1167,250
661,661,1272,397,1272,397,1242,389
662,662,1163,350,1163,350,1131,361
663,663,809,385,809,385,785,427
664,664,1248,418,1248,418,1221,417
665,665,1225,310,1225,310,1188,307
666,666,1212,359,1212,359,1179,361
667,667,1077,483,1077,483,1059,514
668,668,1142,334,1142,334,1110,348
669,669,863,220,863,220,845,263
670,670,644,284,644,284,629,323
671,671,655,165,655,165,658,212
672,672,699,170,699,170,698,218
673,673,748,203,748,203,738,250
674,674,670,143,670,143,676,192
675,675,206,753,206,753,164,697
676,676,298,683,298,683,260,654
677,677,265,884,265,884,247,852
678,678,318,672,318,672,281,649
679,679,182,789,182,789,140,725
680,680,266,729,266,729,228,692
681,681,251,536,251,536,209,495
682,682,265,658,265,658,223,620
683,683,192,691,192,691,144,629
684,684,291,675,291,675,252,644
685,685,394,534,394,534,360,529
686,686,256,504,256,504,216,466
687,687,285,493,285,493,247,463
688,688,211,419,211,419,178,373
689,689,160,582,160,582,110,512
690,690,227,428,227,428,194,385
691,691,254,379,254,379,229,347
692,692,234,409,234,409,203,370
693,693,228,349,228,349,208,313
694,694,272,574,272,574,230,539
695,695,719,548,719,548,700,590
696,696,935,336,935,336,909,374
697,697,877,505,877,505,859,549
698,698,392,604,392,604,358,599
699,699,406,743,406,743,385,744
700,700,198,658,198,658,149,599
701,701,147,718,147,718,96,641
702,702,277,496,277,496,239,464
703,703,289,371,289,371,265,349
704,704,354,694,354,694,321,680
705,705,368,705,368,705,338,695
706,706,380,515,380,515,345,507
707,707,449,357,449,357,428,370
708,708,472,499,472,499,442,510
709,709,386,374,386,374,362,373
710,710,537,89,537,89,565,135
711,711,354,18,354,18,422,51
712,712,348,393,348,393,322,383
713,713,417,200,417,200,424,219
714,714,199,501,199,501,157,446
715,715,270,553,270,553,229,517
716,716,138,563,138,563,88,486
717,717,434,251,434,251,430,269
718,718,230,634,230,634,184,585
719,719,167,517,167,517,121,451
720,720,469,189,469,189,477,217
721,721,459,442,459,442,430,452
722,722,699,241,699,241,686,285
723,723,621,393,621,393,596,426
724,724,724,491,724,491,701,532
725,725,561,453,561,453,534,478
726,726,668,409,668,409,643,446
727,727,582,469,582,469,555,497
728,728,498,594,498,594,470,610
729,729,689,339,689,339,667,378
730,730,672,325,672,325,651,364
731,731,753,442,753,442,729,483
732,732,733,428,733,428,709,469
733,733,767,635,767,635,761,684
734,734,768,502,768,502,747,545
735,735,670,700,670,700,667,746
736,736,732,347,732,347,710,388
737,737,675,635,675,635,662,677
738,738,784,507,784,507,764,551
739,739,767,548,767,548,749,593
740,740,757,529,757,529,737,572
741,741,654,640,654,640,641,680
742,742,713,534,713,534,692,576
743,743,803,477,803,477,781,521
744,744,724,472,724,472,700,512
745,745,716,480,716,480,693,520
746,746,735,504,735,504,713,546
747,747,720,518,720,518,698,559
748,748,692,594,692,594,676,636
749,749,748,358,748,358,725,399
750,750,774,363,774,363,750,405
751,751,644,594,644,594,625,631
752,752,784,442,784,442,760,484
753,753,826,412,826,412,802,454
754,754,781,407,781,407,756,449
755,755,686,564,686,564,667,604
756,756,544,520,544,520,516,543
757,757,619,390,619,390,595,423
758,758,553,507,553,507,525,531
759,759,619,447,619,447,593,480
760,760,664,455,664,455,639,492
761,761,467,637,467,637,440,648
762,762,641,518,641,518,617,553
763,763,462,607,462,607,433,617
764,764,552,453,552,453,524,477
765,765,562,469,562,469,535,495
766,766,495,724,495,724,480,744
767,767,559,654,559,654,540,682
768,768,573,803,573,803,581,843
769,769,470,838,470,838,473,860
770,770,525,716,525,716,512,741
771,771,807,358,807,358,782,400
772,772,510,561,510,561,481,579
773,773,787,434,787,434,763,476
774,774,637,613,637,613,620,650
775,775,739,407,739,407,715,447
776,776,875,274,875,274,852,315
777,777,886,127,886,127,879,173
778,778,912,68,912,68,912,115
779,779,550,387,550,387,526,413
780,780,748,138,748,138,749,189
781,781,782,344,782,344,758,386
782,782,809,285,809,285,788,328
783,783,622,396,622,396,597,429
784,784,747,195,747,195,739,242
785,785,816,-9,816,-9,844,53
786,786,892,51,892,51,898,102
787,787,870,87,870,87,871,136
788,788,911,13,911,13,923,65
789,789,998,-44,998,-44,1012,2
790,790,672,208,672,208,665,253
791,791,662,255,662,255,649,296
792,792,802,187,802,187,792,234
793,793,748,138,748,138,749,189
794,794,945,89,945,89,938,132
795,795,574,586,574,586,551,614
796,796,844,418,844,418,820,460
797,797,780,344,780,344,757,386
798,798,764,752,764,752,780,810
799,799,379,561,379,561,343,553
800,800,561,273,561,273,549,306
801,801,853,-120,853,-120,909,-49
802,802,809,-93,809,-93,863,-21
803,803,865,-136,865,-136,926,-64
804,804,745,-389,745,-389,939,-262
805,805,775,-324,775,-324,930,-213
806,806,816,-288,816,-288,945,-188
807,807,457,148,457,148,475,179
808,808,884,-294,884,-294,1003,-200
809,809,800,-275,800,-275,927,-175
810,810,636,184,636,184,636,228
811,811,927,-293,927,-293,1037,-206
812,812,883,-190,883,-190,960,-113
813,813,723,227,723,227,712,272
814,814,673,135,673,135,680,185
815,815,897,-505,897,-505,1122,-372
816,816,675,211,675,211,668,255
817,817,788,-142,788,-142,862,-62
818,818,898,-90,898,-90,939,-27
819,819,726,157,726,157,725,206
820,820,680,208,680,208,673,253
821,821,645,290,645,290,629,328
822,822,668,344,668,344,646,382
823,823,512,542,512,542,483,560
824,824,612,488,612,488,586,520
825,825,491,539,491,539,461,554
826,826,944,146,944,146,929,187
827,827,651,523,651,523,627,559
828,828,511,681,511,681,491,702
829,829,610,613,610,613,590,647
830,830,690,627,690,627,677,670
831,831,851,814,851,814,893,885
832,832,688,798,688,798,707,854
833,833,889,752,889,752,917,816
834,834,866,811,866,811,909,882
835,835,831,801,831,801,867,869
836,836,713,654,713,654,706,701
837,837,883,779,883,779,918,846
838,838,757,838,757,838,795,906
839,839,810,820,810,820,849,889
840,840,859,668,859,668,865,723
841,841,881,814,881,814,927,886
842,842,735,852,735,852,775,919
843,843,817,738,817,738,835,799
844,844,854,670,854,670,860,726
845,845,783,697,783,697,789,752
846,846,815,714,815,714,827,772
847,847,848,722,848,722,865,782
848,848,756,925,756,925,822,1004
849,849,836,798,836,798,871,866
850,850,855,855,855,855,910,931
851,851,750,817,750,817,782,881
852,852,896,681,896,681,907,738
853,853,922,684,922,684,935,741
854,854,857,817,857,817,900,888
855,855,822,651,822,651,822,704
856,856,842,757,842,757,867,821
857,857,848,602,848,602,841,652
858,858,849,638,849,638,848,690
859,859,801,830,801,830,842,900
860,860,768,754,768,754,786,814
861,861,795,779,795,779,821,842
862,862,892,790,892,790,931,859
863,863,809,760,809,760,832,822
