frame,res,X,Y
1,"[[-2.31479610e-01]
 [-1.27079401e-05]
 [-9.72839756e-01]]",1414.0,2.0
2,"[[-0.16606413]
 [ 0.08002644]
 [-0.98286239]]",1340.0,89.0
3,"[[-0.01357249]
 [ 0.11466333]
 [-0.99331169]]",1140.0,183.0
4,"[[ 0.03868352]
 [ 0.09959557]
 [-0.99427577]]",945.0,237.0
5,"[[ 1.62523604e-04]
 [ 1.26174272e-01]
 [-9.92008078e-01]]",837.0,300.0
6,"[[-0.0511411 ]
 [ 0.09768004]
 [-0.99390301]]",805.0,320.0
7,"[[-0.02516221]
 [ 0.08972835]
 [-0.99564837]]",759.0,328.0
8,"[[-0.05568169]
 [ 0.06016332]
 [-0.9966343 ]]",754.0,306.0
9,"[[-0.03096439]
 [ 0.06792646]
 [-0.99720971]]",729.0,298.0
10,"[[-0.05019452]
 [ 0.02888194]
 [-0.99832176]]",729.0,256.0
11,"[[-0.05236112]
 [ 0.02933073]
 [-0.99819739]]",730.0,225.0
12,"[[-0.05470322]
 [ 0.0444043 ]
 [-0.99751482]]",733.0,217.0
13,"[[-0.07929556]
 [-0.02577785]
 [-0.9965178 ]]",757.0,147.0
14,"[[-0.09642127]
 [-0.02286377]
 [-0.99507798]]",790.0,100.0
15,"[[-0.08671275]
 [-0.03254835]
 [-0.99570151]]",805.0,56.0
16,"[[-0.08688152]
 [-0.0258119 ]
 [-0.9958842 ]]",816.0,30.0
17,"[[-0.1148568 ]
 [-0.05593343]
 [-0.99180611]]",851.0,-16.0
18,"[[-0.11876459]
 [-0.06341929]
 [-0.99089503]]",880.0,-57.0
19,"[[-0.12817307]
 [-0.07588126]
 [-0.98884463]]",910.0,-100.0
20,"[[-0.10080509]
 [-0.01015077]
 [-0.99485441]]",906.0,-70.0
21,"[[-0.09140087]
 [ 0.01979276]
 [-0.99561746]]",895.0,-20.0
22,"[[-0.11882119]
 [-0.01935589]
 [-0.99272699]]",911.0,-20.0
23,"[[-0.10747421]
 [ 0.05907235]
 [-0.99245138]]",914.0,52.0
24,"[[-0.10098958]
 [ 0.0486904 ]
 [-0.9936953 ]]",909.0,95.0
25,"[[-0.0411917 ]
 [ 0.00970138]
 [-0.99910416]]",850.0,89.0
26,"[[-0.03526608]
 [ 0.01912989]
 [-0.99919485]]",801.0,94.0
27,"[[-0.05260365]
 [ 0.04455794]
 [-0.99762089]]",780.0,120.0
28,"[[-0.07136717]
 [-0.0229018 ]
 [-0.99718716]]",782.0,76.0
29,"[[-0.04443991]
 [ 0.01157291]
 [-0.99894502]]",759.0,75.0
30,"[[-0.04210849]
 [ 0.0178362 ]
 [-0.99895383]]",740.0,79.0
31,"[[-0.03232512]
 [ 0.04180835]
 [-0.9986026 ]]",718.0,103.0
32,"[[-0.04638752]
 [ 0.02345704]
 [-0.99864807]]",717.0,103.0
33,"[[-0.02228808]
 [ 0.05061585]
 [-0.99846947]]",694.0,129.0
34,"[[-0.03163023]
 [ 0.04549109]
 [-0.99846386]]",687.0,144.0
35,"[[-0.04540528]
 [ 0.01367295]
 [-0.99887507]]",697.0,123.0
36,"[[-0.0439927 ]
 [ 0.01596214]
 [-0.99890433]]",703.0,110.0
37,"[[-0.01422586]
 [ 0.01016945]
 [-0.99984709]]",680.0,95.0
38,"[[ 0.01924395]
 [ 0.06172236]
 [-0.99790782]]",633.0,133.0
39,"[[-0.00232739]
 [ 0.02325804]
 [-0.99972679]]",619.0,125.0
40,"[[ 5.58942914e-03]
 [-8.43677726e-04]
 [-9.99984023e-01]]",602.0,95.0
41,"[[ 0.00866728]
 [ 0.10157073]
 [-0.99479056]]",588.0,173.0
42,"[[ 0.02345957]
 [ 0.14265018]
 [-0.98949511]]",564.0,271.0
43,"[[ 0.02095294]
 [ 0.12438764]
 [-0.99201244]]",550.0,325.0
44,"[[-0.01072084]
 [ 0.13105547]
 [-0.99131707]]",570.0,369.0
45,"[[ 0.03556776]
 [ 0.0978443 ]
 [-0.99456595]]",541.0,369.0
46,"[[-0.05658994]
 [ 0.04630726]
 [-0.99732302]]",610.0,318.0
47,"[[-0.07626621]
 [ 0.09863862]
 [-0.9921965 ]]",679.0,332.0
48,"[[-0.04643509]
 [ 0.09587282]
 [-0.9943099 ]]",701.0,339.0
49,"[[-0.00426337]
 [ 0.10920385]
 [-0.99401023]]",677.0,356.0
50,"[[-0.02490963]
 [ 0.09588699]
 [-0.9950805 ]]",680.0,354.0
51,"[[-0.01055498]
 [ 0.03725498]
 [-0.99925005]]",668.0,297.0
52,"[[-0.01070567]
 [ 0.04581521]
 [-0.99889256]]",661.0,263.0
53,"[[-0.01672858]
 [ 0.04612249]
 [-0.99879571]]",661.0,237.0
54,"[[-0.03530572]
 [ 0.03663539]
 [-0.99870484]]",679.0,210.0
55,"[[-0.04931212]
 [ 0.1116083 ]
 [-0.99252804]]",706.0,264.0
56,"[[-0.02197915]
 [ 0.09243623]
 [-0.995476  ]]",700.0,283.0
57,"[[-0.01505543]
 [ 0.03158849]
 [-0.99938756]]",688.0,240.0
58,"[[-0.03363356]
 [ 0.04350813]
 [-0.99848677]]",698.0,220.0
59,"[[-0.19842273]
 [ 0.04614895]
 [-0.97902947]]",866.0,210.0
60,"[[-0.21865481]
 [ 0.0274555 ]
 [-0.97541595]]",1009.0,184.0
61,"[[-0.22173225]
 [ 0.0823052 ]
 [-0.97162784]]",1118.0,219.0
62,"[[-0.20793972]
 [ 0.10303304]
 [-0.97269999]]",1182.0,264.0
63,"[[-0.20700997]
 [ 0.05725946]
 [-0.97666178]]",1227.0,253.0
64,"[[-0.20013104]
 [ 0.05247218]
 [-0.97836304]]",1253.0,241.0
65,"[[-0.20452489]
 [ 0.07604554]
 [-0.97590299]]",1278.0,255.0
66,"[[-0.23749729]
 [ 0.060297  ]
 [-0.96951499]]",1329.0,250.0
67,"[[-0.2418126 ]
 [ 0.0352862 ]
 [-0.96968116]]",1369.0,222.0
68,"[[-0.22683423]
 [ 0.0228606 ]
 [-0.97366505]]",1384.0,190.0
69,"[[-0.254617  ]
 [ 0.05754232]
 [-0.96532847]]",1424.0,200.0
70,"[[-0.24557577]
 [ 0.03451927]
 [-0.96876259]]",1446.0,185.0
71,"[[-0.23620081]
 [ 0.02722543]
 [-0.97132278]]",1452.0,168.0
72,"[[-0.25077932]
 [ 0.0070994 ]
 [-0.96801825]]",1471.0,137.0
73,"[[-0.25527143]
 [ 0.06190299]
 [-0.96488575]]",1492.0,168.0
74,"[[-0.24975646]
 [ 0.0664641 ]
 [-0.96602496]]",1500.0,195.0
75,"[[-0.26486057]
 [ 0.07448905]
 [-0.96140536]]",1523.0,222.0
76,"[[-0.25651432]
 [ 0.05813434]
 [-0.96479055]]",1530.0,227.0
77,"[[-0.24411256]
 [ 0.05991427]
 [-0.96789428]]",1523.0,232.0
78,"[[-0.23248861]
 [ 0.07243711]
 [-0.96989789]]",1509.0,249.0
79,"[[-0.21884449]
 [ 0.04674693]
 [-0.97463933]]",1484.0,237.0
80,"[[-0.24064803]
 [ 0.08653476]
 [-0.96674726]]",1489.0,268.0
81,"[[-0.23908939]
 [ 0.08822108]
 [-0.96698154]]",1492.0,292.0
82,"[[-0.22889279]
 [ 0.08721752]
 [-0.96953659]]",1482.0,308.0
83,"[[-0.24310687]
 [ 0.06310908]
 [-0.96794437]]",1488.0,297.0
84,"[[-0.24204801]
 [ 0.06584019]
 [-0.9680278 ]]",1491.0,291.0
85,"[[-0.21363557]
 [ 0.12413961]
 [-0.96899391]]",1466.0,343.0
86,"[[-0.20796474]
 [ 0.13045379]
 [-0.969398  ]]",1442.0,387.0
87,"[[-0.17554239]
 [ 0.08957529]
 [-0.98038826]]",1392.0,379.0
88,"[[-0.14948622]
 [ 0.06739229]
 [-0.98646447]]",1329.0,351.0
89,"[[-0.13578751]
 [ 0.03520473]
 [-0.99011231]]",1270.0,300.0
90,"[[-0.13383453]
 [ 0.06197954]
 [-0.98906362]]",1225.0,289.0
91,"[[-0.10439945]
 [ 0.07963052]
 [-0.99134239]]",1165.0,297.0
92,"[[-0.01965435]
 [ 0.13867758]
 [-0.99014253]]",1041.0,359.0
93,"[[ 0.00537884]
 [ 0.08294686]
 [-0.99653946]]",927.0,351.0
94,"[[-4.43757396e-04]
 [ 5.51430044e-02]
 [-9.98478368e-01]]",850.0,318.0
95,"[[ 3.89101575e-05]
 [ 1.78805561e-02]
 [-9.99840129e-01]]",793.0,259.0
96,"[[-0.0160831 ]
 [-0.03325697]
 [-0.99931742]]",766.0,168.0
97,"[[-0.03040563]
 [-0.05670479]
 [-0.99792789]]",759.0,79.0
98,"[[-0.01766915]
 [-0.03019137]
 [-0.99938795]]",743.0,39.0
99,"[[-0.03416705]
 [ 0.00155761]
 [-0.99941492]]",745.0,40.0
100,"[[-0.01593646]
 [ 0.03701328]
 [-0.99918769]]",730.0,73.0
101,"[[-0.00432393]
 [ 0.05202951]
 [-0.99863619]]",707.0,112.0
102,"[[ 0.01194179]
 [ 0.03204025]
 [-0.99941524]]",676.0,121.0
103,"[[ 0.02379549]
 [ 0.0382502 ]
 [-0.99898483]]",642.0,133.0
104,"[[-0.0042235 ]
 [-0.00618317]
 [-0.99997196]]",644.0,101.0
105,"[[ 5.66595356e-03]
 [-3.66058080e-04]
 [-9.99983881e-01]]",635.0,83.0
106,"[[ 0.00109833]
 [-0.01726855]
 [-0.99985028]]",633.0,54.0
107,"[[-0.00473274]
 [-0.02941996]
 [-0.99955594]]",638.0,22.0
108,"[[-0.00111091]
 [-0.01745532]
 [-0.99984703]]",637.0,9.0
109,"[[-0.01420573]
 [-0.0834873 ]
 [-0.99640758]]",649.0,-62.0
110,"[[ 0.13469026]
 [ 0.12891578]
 [-0.9824659 ]]",516.0,88.0
111,"[[ 0.18548108]
 [ 0.14455196]
 [-0.97195756]]",370.0,213.0
112,"[[ 0.2053983 ]
 [ 0.15365505]
 [-0.96654108]]",243.0,313.0
113,"[[ 0.19257963]
 [ 0.14110083]
 [-0.97108375]]",165.0,374.0
114,"[[ 0.19328165]
 [ 0.14623273]
 [-0.97018462]]",106.0,424.0
115,"[[ 0.18584366]
 [ 0.16055136]
 [-0.96937371]]",69.0,475.0
116,"[[ 0.16114324]
 [ 0.1276081 ]
 [-0.97864653]]",66.0,480.0
117,"[[ 0.14671544]
 [ 0.12527094]
 [-0.98121444]]",79.0,481.0
118,"[[ 0.1509267 ]
 [ 0.11026202]
 [-0.98237641]]",83.0,468.0
119,"[[ 0.14544952]
 [ 0.17391072]
 [-0.97396073]]",91.0,521.0
120,"[[ 0.15095508]
 [ 0.17705958]
 [-0.97255461]]",89.0,564.0
121,"[[ 0.15748226]
 [ 0.14243016]
 [-0.97719649]]",84.0,560.0
122,"[[ 0.14624953]
 [ 0.13331661]
 [-0.98022332]]",90.0,548.0
123,"[[ 0.14151579]
 [ 0.14331487]
 [-0.97950709]]",100.0,549.0
124,"[[ 0.17135149]
 [ 0.13726368]
 [-0.97560102]]",77.0,543.0
125,"[[ 0.17889492]
 [ 0.14421146]
 [-0.97324183]]",55.0,544.0
126,"[[ 0.19236789]
 [ 0.16246263]
 [-0.96778122]]",26.0,563.0
127,"[[ 0.16179212]
 [ 0.17462692]
 [-0.97125113]]",31.0,591.0
128,"[[ 0.17607039]
 [ 0.17074639]
 [-0.96945597]]",20.0,608.0
129,"[[ 0.1609483 ]
 [ 0.16794521]
 [-0.97256879]]",25.0,619.0
130,"[[ 0.17418297]
 [ 0.1391357 ]
 [-0.97483411]]",16.0,599.0
131,"[[ 0.16373673]
 [ 0.15787137]
 [-0.97378997]]",20.0,603.0
132,"[[ 0.16713517]
 [ 0.1559959 ]
 [-0.97351482]]",20.0,603.0
133,"[[ 0.18291328]
 [ 0.19319464]
 [-0.96395984]]",3.0,640.0
134,"[[ 0.1862167 ]
 [ 0.17965249]
 [-0.96594427]]",-12.0,653.0
135,"[[ 0.18292864]
 [ 0.17615073]
 [-0.96721664]]",-20.0,659.0
136,"[[ 0.18298428]
 [ 0.1898693 ]
 [-0.96460687]]",-26.0,676.0
137,"[[ 0.18763418]
 [ 0.20172135]
 [-0.96130219]]",-36.0,702.0
138,"[[ 0.19557723]
 [ 0.19484089]
 [-0.96113817]]",-52.0,716.0
139,"[[ 0.17610665]
 [ 0.16935369]
 [-0.96969365]]",-42.0,698.0
140,"[[ 0.17927329]
 [ 0.16701522]
 [-0.96951896]]",-39.0,683.0
141,"[[ 0.17800826]
 [ 0.15412223]
 [-0.97188446]]",-33.0,659.0
142,"[[ 0.18379898]
 [ 0.1544415 ]
 [-0.97075525]]",-35.0,640.0
143,"[[ 0.18071016]
 [ 0.1428972 ]
 [-0.97310032]]",-33.0,616.0
144,"[[ 0.16730602]
 [ 0.14307396]
 [-0.97546837]]",-20.0,599.0
145,"[[ 0.16173477]
 [ 0.14763612]
 [-0.97572816]]",-5.0,591.0
146,"[[ 0.1472387 ]
 [ 0.14870563]
 [-0.97785858]]",21.0,586.0
147,"[[ 0.14789725]
 [ 0.15034664]
 [-0.97750821]]",38.0,583.0
148,"[[ 0.15077242]
 [ 0.15807021]
 [-0.97584911]]",48.0,589.0
149,"[[ 0.16004716]
 [ 0.16450097]
 [-0.97330588]]",47.0,600.0
150,"[[ 0.15686059]
 [ 0.16106509]
 [-0.97439868]]",49.0,604.0
151,"[[ 0.15846477]
 [ 0.1710048 ]
 [-0.97244346]]",48.0,618.0
152,"[[ 0.14613233]
 [ 0.1628838 ]
 [-0.9757634 ]]",59.0,621.0
153,"[[ 0.14290958]
 [ 0.16059665]
 [-0.97661946]]",71.0,620.0
154,"[[ 0.15116388]
 [ 0.16034282]
 [-0.97541768]]",71.0,620.0
155,"[[ 0.15792094]
 [ 0.15309791]
 [-0.97551115]]",65.0,612.0
156,"[[ 0.15185316]
 [ 0.16437777]
 [-0.97463869]]",66.0,618.0
157,"[[ 0.13403395]
 [ 0.16532323]
 [-0.97708911]]",83.0,623.0
158,"[[ 0.14794681]
 [ 0.15881681]
 [-0.97616032]]",83.0,620.0
159,"[[ 0.13838745]
 [ 0.15800561]
 [-0.97769277]]",93.0,616.0
160,"[[ 0.07088056]
 [ 0.02023647]
 [-0.99727952]]",167.0,480.0
161,"[[ 0.02738995]
 [-0.05649505]
 [-0.9980271 ]]",262.0,309.0
162,"[[ 0.02536811]
 [-0.08381346]
 [-0.9961585 ]]",334.0,159.0
163,"[[ 0.01442383]
 [-0.07893297]
 [-0.99677557]]",395.0,55.0
164,"[[ 0.03272908]
 [-0.06931608]
 [-0.99705772]]",424.0,-12.0
165,"[[ 0.05092348]
 [-0.05074134]
 [-0.99741271]]",429.0,-44.0
166,"[[ 0.05340435]
 [-0.03499034]
 [-0.99795974]]",430.0,-53.0
167,"[[ 0.0551209 ]
 [-0.03908857]
 [-0.99771427]]",429.0,-63.0
168,"[[ 0.07082709]
 [-0.06057118]
 [-0.99564786]]",414.0,-91.0
169,"[[ 0.06966951]
 [-0.03579819]
 [-0.9969276 ]]",404.0,-89.0
170,"[[ 0.07048256]
 [-0.0375361 ]
 [-0.99680653]]",395.0,-90.0
171,"[[ 0.06499909]
 [-0.0775114 ]
 [-0.99487039]]",394.0,-126.0
172,"[[ 0.05162298]
 [-0.10004371]
 [-0.99364296]]",406.0,-173.0
173,"[[ 0.06275683]
 [-0.06950143]
 [-0.99560591]]",405.0,-179.0
174,"[[ 0.04524128]
 [-0.07682609]
 [-0.99601756]]",420.0,-190.0
175,"[[ 0.02960361]
 [-0.07897409]
 [-0.99643701]]",446.0,-200.0
176,"[[ 0.0269996 ]
 [-0.05967751]
 [-0.9978525 ]]",467.0,-189.0
177,"[[ 0.03437258]
 [-0.08660111]
 [-0.99564992]]",475.0,-206.0
178,"[[ 0.03367869]
 [-0.0020497 ]
 [-0.99943061]]",482.0,-141.0
179,"[[ 0.06450257]
 [ 0.00860825]
 [-0.99788041]]",458.0,-83.0
180,"[[ 0.06024623]
 [ 0.01532565]
 [-0.99806589]]",444.0,-35.0
181,"[[ 0.07791492]
 [-0.00100899]
 [-0.9969595 ]]",418.0,-15.0
182,"[[ 0.0745789 ]
 [ 0.01170034]
 [-0.99714647]]",403.0,10.0
183,"[[ 0.07947673]
 [ 0.013227  ]
 [-0.99674896]]",388.0,30.0
184,"[[ 0.07557523]
 [ 0.0080158 ]
 [-0.99710788]]",381.0,40.0
185,"[[ 0.08640908]
 [ 0.02884766]
 [-0.995842  ]]",365.0,67.0
186,"[[ 0.08032283]
 [ 0.02899195]
 [-0.99634718]]",358.0,87.0
187,"[[ 0.06185421]
 [ 0.06232774]
 [-0.99613719]]",371.0,132.0
188,"[[ 0.0694135 ]
 [ 0.02032758]
 [-0.99738085]]",373.0,127.0
189,"[[ 0.07106748]
 [ 0.03757601]
 [-0.99676349]]",373.0,138.0
190,"[[ 0.06451636]
 [ 0.02105074]
 [-0.9976946 ]]",380.0,131.0
191,"[[ 0.06222097]
 [-0.05198269]
 [-0.99670776]]",387.0,59.0
192,"[[ 0.05534255]
 [-0.04847932]
 [-0.99728981]]",398.0,10.0
193,"[[ 0.06449559]
 [-0.03933062]
 [-0.99714263]]",398.0,-18.0
194,"[[ 0.04666982]
 [-0.06674289]
 [-0.99667814]]",413.0,-64.0
195,"[[ 0.05882694]
 [-0.04716991]
 [-0.99715314]]",414.0,-79.0
196,"[[ 0.04507203]
 [-0.07539947]
 [-0.99613424]]",426.0,-117.0
197,"[[ 0.05483458]
 [-0.01936231]
 [-0.9983077 ]]",427.0,-92.0
198,"[[ 0.07030986]
 [-0.00225449]
 [-0.99752265]]",413.0,-58.0
199,"[[ 0.07028694]
 [ 0.00517951]
 [-0.99751337]]",403.0,-25.0
200,"[[ 0.07586555]
 [-0.00313945]
 [-0.99711311]]",391.0,-10.0
201,"[[ 0.06744883]
 [ 0.00209214]
 [-0.99772054]]",390.0,7.0
202,"[[ 0.06937563]
 [-0.03583835]
 [-0.99694666]]",387.0,-17.0
203,"[[ 0.08605344]
 [-0.00957877]
 [-0.99624447]]",370.0,-9.0
204,"[[ 5.75401855e-02]
 [-1.73647839e-05]
 [-9.98343191e-01]]",384.0,5.0
205,"[[ 0.03810385]
 [ 0.00483981]
 [-0.99926206]]",412.0,20.0
206,"[[ 0.03792577]
 [ 0.01579916]
 [-0.99915565]]",433.0,41.0
207,"[[ 0.05124709]
 [-0.0229584 ]
 [-0.99842208]]",435.0,21.0
208,"[[ 0.02707925]
 [-0.03371562]
 [-0.99906455]]",459.0,-4.0
209,"[[ 0.01121601]
 [-0.0307726 ]
 [-0.99946348]]",492.0,-19.0
210,"[[ 0.03827812]
 [-0.04035747]
 [-0.99845183]]",490.0,-39.0
211,"[[ 0.07401059]
 [ 0.010554  ]
 [-0.99720161]]",456.0,-7.0
212,"[[ 0.07835223]
 [-0.00102055]
 [-0.99692522]]",428.0,6.0
213,"[[ 0.07513066]
 [ 0.00139552]
 [-0.99717272]]",411.0,18.0
214,"[[ 0.06138499]
 [-0.00711754]
 [-0.99808879]]",411.0,19.0
215,"[[ 0.03644018]
 [ 0.03588251]
 [-0.99869142]]",432.0,59.0
216,"[[ 0.04831092]
 [ 0.13947253]
 [-0.98904675]]",437.0,186.0
217,"[[ 0.06320929]
 [ 0.1493664 ]
 [-0.98675948]]",426.0,290.0
218,"[[ 0.0546178 ]
 [ 0.16204389]
 [-0.98527086]]",426.0,377.0
219,"[[ 0.06250388]
 [ 0.14881897]
 [-0.98688712]]",419.0,429.0
220,"[[ 0.048713  ]
 [ 0.11786063]
 [-0.99183462]]",427.0,437.0
221,"[[ 0.05320783]
 [ 0.14200644]
 [-0.98843467]]",428.0,467.0
222,"[[ 0.06504472]
 [ 0.15835798]
 [-0.985237  ]]",419.0,504.0
223,"[[ 0.06349424]
 [ 0.15488385]
 [-0.98589019]]",413.0,527.0
224,"[[ 0.05757196]
 [ 0.14743853]
 [-0.98739422]]",415.0,536.0
225,"[[ 0.06559404]
 [ 0.16605439]
 [-0.9839326 ]]",408.0,562.0
226,"[[ 0.06799339]
 [ 0.16685443]
 [-0.98363433]]",401.0,580.0
227,"[[ 0.06959226]
 [ 0.17505164]
 [-0.98209666]]",394.0,604.0
228,"[[ 0.06995587]
 [ 0.16720299]
 [-0.98343751]]",389.0,612.0
229,"[[ 0.06390008]
 [ 0.17788886]
 [-0.98197369]]",390.0,631.0
230,"[[ 0.07686529]
 [ 0.17269943]
 [-0.98197079]]",379.0,639.0
231,"[[ 0.08060605]
 [ 0.16387305]
 [-0.98318273]]",367.0,636.0
232,"[[ 0.0735397 ]
 [ 0.15089648]
 [-0.98581041]]",366.0,622.0
233,"[[ 0.0664492 ]
 [ 0.15327592]
 [-0.98594675]]",372.0,613.0
234,"[[ 0.06568169]
 [ 0.15330303]
 [-0.98599396]]",377.0,606.0
235,"[[ 0.07263046]
 [ 0.15825052]
 [-0.98472412]]",374.0,605.0
236,"[[ 0.0364318 ]
 [ 0.12334949]
 [-0.99169432]]",407.0,572.0
237,"[[ 0.0423237 ]
 [ 0.13884521]
 [-0.98940927]]",424.0,563.0
238,"[[ 0.04249895]
 [ 0.12776366]
 [-0.99089368]]",436.0,546.0
239,"[[ 0.03534881]
 [ 0.12948186]
 [-0.99095152]]",452.0,535.0
240,"[[ 0.02807176]
 [ 0.11578672]
 [-0.99287734]]",470.0,514.0
241,"[[ 0.04988652]
 [ 0.15460652]
 [-0.98671585]]",464.0,535.0
242,"[[ 0.03674511]
 [ 0.13602117]
 [-0.99002426]]",471.0,533.0
243,"[[ 0.04662506]
 [ 0.1450246 ]
 [-0.98832888]]",468.0,540.0
244,"[[ 0.0327395 ]
 [ 0.15925668]
 [-0.9866942 ]]",479.0,558.0
245,"[[ 0.04421346]
 [ 0.17137611]
 [-0.98421309]]",476.0,582.0
246,"[[ 0.04091054]
 [ 0.15595174]
 [-0.98691711]]",476.0,585.0
247,"[[ 0.02971205]
 [ 0.17020931]
 [-0.98495989]]",488.0,601.0
248,"[[ 0.01211725]
 [ 0.16840304]
 [-0.98564374]]",513.0,611.0
249,"[[ 0.01211192]
 [ 0.17635767]
 [-0.98425163]]",530.0,627.0
250,"[[ 0.00903447]
 [ 0.17466641]
 [-0.98458622]]",546.0,638.0
251,"[[ 0.01405397]
 [ 0.16306374]
 [-0.98651543]]",553.0,634.0
252,"[[ 0.0174477 ]
 [ 0.14537076]
 [-0.98922339]]",555.0,615.0
253,"[[ 0.02956341]
 [ 0.1293775 ]
 [-0.99115461]]",545.0,585.0
254,"[[ 0.04380869]
 [ 0.10793839]
 [-0.99319188]]",525.0,541.0
255,"[[ 0.02893189]
 [ 0.03791523]
 [-0.99886204]]",524.0,443.0
256,"[[ 0.03861644]
 [ 0.02017976]
 [-0.99905032]]",515.0,354.0
257,"[[ 0.04510732]
 [ 0.06323647]
 [-0.99697867]]",502.0,330.0
258,"[[ 0.04044435]
 [ 0.05774752]
 [-0.99751164]]",497.0,306.0
259,"[[ 0.04317433]
 [ 0.06643418]
 [-0.9968563 ]]",491.0,297.0
260,"[[ 0.03968888]
 [ 0.05019798]
 [-0.99795038]]",489.0,275.0
261,"[[ 0.04249159]
 [ 0.01716888]
 [-0.9989493 ]]",485.0,229.0
262,"[[ 0.04581372]
 [ 0.03123895]
 [-0.99846143]]",478.0,209.0
263,"[[ 0.04720063]
 [ 0.04109915]
 [-0.99803956]]",473.0,202.0
264,"[[ 0.05341222]
 [ 0.03354081]
 [-0.99800909]]",463.0,191.0
265,"[[ 0.04255285]
 [ 0.05463882]
 [-0.99759904]]",466.0,202.0
266,"[[ 0.04733975]
 [ 0.06045865]
 [-0.99704749]]",464.0,216.0
267,"[[ 0.05018056]
 [ 0.08906635]
 [-0.99476082]]",460.0,253.0
268,"[[ 0.064984  ]
 [ 0.09766296]
 [-0.99309568]]",442.0,289.0
269,"[[ 0.0532886 ]
 [ 0.09035904]
 [-0.99448256]]",440.0,308.0
270,"[[ 0.06516673]
 [ 0.09274309]
 [-0.99355524]]",428.0,325.0
271,"[[ 0.07130698]
 [ 0.09353407]
 [-0.99305926]]",413.0,338.0
272,"[[ 0.0757853 ]
 [ 0.10828376]
 [-0.99122713]]",397.0,362.0
273,"[[ 0.06870206]
 [ 0.11581031]
 [-0.99089253]]",392.0,387.0
274,"[[ 0.06548238]
 [ 0.11129009]
 [-0.99162824]]",392.0,401.0
275,"[[ 0.06513837]
 [ 0.10289643]
 [-0.99255696]]",392.0,403.0
276,"[[ 0.05223661]
 [ 0.09602473]
 [-0.99400734]]",405.0,397.0
277,"[[ 0.08409346]
 [ 0.02945657]
 [-0.99602239]]",384.0,331.0
278,"[[ 0.079634  ]
 [-0.0478728 ]
 [-0.99567395]]",373.0,210.0
279,"[[ 0.1601357 ]
 [ 0.07459937]
 [-0.98427206]]",285.0,241.0
280,"[[ 0.08634588]
 [ 0.09464061]
 [-0.99175982]]",293.0,281.0
281,"[[ 0.03425735]
 [ 0.15633567]
 [-0.98710972]]",348.0,372.0
282,"[[ 0.05140811]
 [ 0.08115303]
 [-0.995375  ]]",372.0,362.0
283,"[[-0.02990207]
 [ 0.0069231 ]
 [-0.99952886]]",468.0,285.0
284,"[[ 0.02128924]
 [-0.01216032]
 [-0.9996994 ]]",488.0,211.0
285,"[[-0.00338089]
 [-0.06284983]
 [-0.99801727]]",528.0,108.0
286,"[[ 0.02962239]
 [ 0.02799608]
 [-0.99916902]]",526.0,118.0
287,"[[ 0.04784992]
 [ 0.06456008]
 [-0.99676596]]",506.0,161.0
288,"[[ 0.03180758]
 [ 0.03953138]
 [-0.99871194]]",507.0,169.0
289,"[[ 0.04834564]
 [ 0.10547278]
 [-0.99324629]]",492.0,237.0
290,"[[ 0.05731987]
 [ 0.11424359]
 [-0.99179778]]",473.0,294.0
291,"[[ 0.03551482]
 [ 0.10133119]
 [-0.99421863]]",480.0,323.0
292,"[[ 0.02846839]
 [ 0.1066945 ]
 [-0.99388422]]",492.0,348.0
293,"[[ 0.01921641]
 [ 0.08285441]
 [-0.99637637]]",509.0,345.0
294,"[[ 0.02839925]
 [ 0.08436832]
 [-0.99602985]]",513.0,344.0
295,"[[ 0.02775839]
 [ 0.10081217]
 [-0.99451816]]",516.0,359.0
296,"[[ 0.03282894]
 [ 0.10021496]
 [-0.99442407]]",514.0,368.0
297,"[[ 0.03622526]
 [ 0.09633894]
 [-0.99468917]]",509.0,371.0
298,"[[ 0.04314956]
 [ 0.1020048 ]
 [-0.99384764]]",500.0,378.0
299,"[[ 0.03983043]
 [ 0.10729048]
 [-0.99342956]]",496.0,389.0
300,"[[ 0.01267909]
 [ 0.08757819]
 [-0.99607696]]",518.0,377.0
301,"[[ 0.04273419]
 [ 0.04235125]
 [-0.99818844]]",506.0,327.0
302,"[[ 0.04498613]
 [ 0.02148303]
 [-0.99875659]]",496.0,271.0
303,"[[ 0.033372  ]
 [ 0.03206663]
 [-0.99892845]]",498.0,240.0
304,"[[ 0.01316935]
 [ 0.03949767]
 [-0.99913288]]",519.0,224.0
305,"[[-0.0050386 ]
 [ 0.00376249]
 [-0.99998023]]",551.0,180.0
306,"[[-0.0071895 ]
 [-0.01705413]
 [-0.99982872]]",577.0,129.0
307,"[[ 0.0030337 ]
 [-0.01586403]
 [-0.99986956]]",586.0,92.0
308,"[[ 0.00315864]
 [-0.02119349]
 [-0.9997704 ]]",592.0,61.0
309,"[[ 0.02321025]
 [-0.01016737]
 [-0.9996789 ]]",578.0,48.0
310,"[[ 0.006786  ]
 [-0.03377622]
 [-0.99940638]]",584.0,17.0
311,"[[ 0.00388353]
 [ 0.02418416]
 [-0.99969998]]",590.0,48.0
312,"[[ 0.00387693]
 [ 0.02726433]
 [-0.99962074]]",595.0,73.0
313,"[[ 0.02224117]
 [ 0.04843078]
 [-0.99857889]]",582.0,111.0
314,"[[ 0.03165358]
 [ 0.0398913 ]
 [-0.99870253]]",563.0,131.0
315,"[[ 0.03327939]
 [ 0.03558179]
 [-0.9988125 ]]",548.0,142.0
316,"[[ 0.03558244]
 [ 0.04862508]
 [-0.99818309]]",535.0,162.0
317,"[[-0.15114003]
 [-0.04263013]
 [-0.98759271]]",699.0,92.0
318,"[[-0.15441417]
 [-0.03164637]
 [-0.98749925]]",822.0,51.0
319,"[[-0.16007138]
 [-0.05056571]
 [-0.98580944]]",918.0,2.0
320,"[[-0.16367257]
 [-0.0527813 ]
 [-0.98510173]]",991.0,-35.0
321,"[[-0.20616758]
 [-0.04441632]
 [-0.97750812]]",1086.0,-54.0
322,"[[-0.2049327 ]
 [-0.00739575]
 [-0.97874813]]",1155.0,-33.0
323,"[[-2.01719076e-01]
 [-6.68028916e-04]
 [-9.79443193e-01]]",1203.0,-11.0
324,"[[-0.25168449]
 [-0.00869346]
 [-0.96777029]]",1287.0,-3.0
325,"[[-0.26936245]
 [-0.03836318]
 [-0.96227446]]",1364.0,-26.0
326,"[[-0.26770627]
 [-0.03424662]
 [-0.96289175]]",1418.0,-39.0
327,"[[-0.26469935]
 [-0.03393399]
 [-0.96373375]]",1455.0,-48.0
328,"[[-0.26563082]
 [-0.04975569]
 [-0.96279003]]",1483.0,-69.0
329,"[[-0.25955237]
 [-0.02589108]
 [-0.9653819 ]]",1497.0,-62.0
330,"[[-0.27695493]
 [-0.04466097]
 [-0.95984445]]",1527.0,-75.0
331,"[[-0.29836401]
 [-0.05215522]
 [-0.9530261 ]]",1569.0,-92.0
332,"[[-0.29592622]
 [-0.04648442]
 [-0.95407907]]",1597.0,-99.0
333,"[[-0.30006635]
 [-0.0321393 ]
 [-0.95337676]]",1621.0,-90.0
334,"[[-0.31068277]
 [-0.02972508]
 [-0.95004875]]",1651.0,-81.0
335,"[[-0.294934  ]
 [-0.02656383]
 [-0.95514831]]",1658.0,-71.0
336,"[[-0.29586104]
 [-0.00957062]
 [-0.95518305]]",1667.0,-47.0
337,"[[-0.29641539]
 [-0.01817438]
 [-0.95488618]]",1673.0,-39.0
338,"[[-0.29761613]
 [-0.02280206]
 [-0.95441328]]",1677.0,-37.0
339,"[[-0.29568382]
 [-0.01499553]
 [-0.95516816]]",1677.0,-29.0
340,"[[-0.27799166]
 [ 0.03786809]
 [-0.95983678]]",1659.0,29.0
341,"[[-0.28281792]
 [ 0.01325628]
 [-0.95908201]]",1651.0,47.0
342,"[[-0.27918282]
 [-0.0043777 ]
 [-0.96022799]]",1642.0,43.0
343,"[[-0.28270598]
 [-0.00378245]
 [-0.95919916]]",1639.0,40.0
344,"[[-0.28724574]
 [-0.02060825]
 [-0.9576352 ]]",1640.0,22.0
345,"[[-0.2833253 ]
 [-0.01880614]
 [-0.95883946]]",1637.0,11.0
346,"[[-0.28434044]
 [-0.02934405]
 [-0.9582742 ]]",1636.0,-8.0
347,"[[-2.54616937e-01]
 [-4.79570604e-04]
 [-9.67041874e-01]]",1604.0,6.0
348,"[[-0.2434942 ]
 [-0.01137917]
 [-0.9698356 ]]",1570.0,7.0
349,"[[-0.22669743]
 [-0.03403791]
 [-0.97337028]]",1527.0,-14.0
350,"[[-0.22193589]
 [-0.01601927]
 [-0.97492966]]",1492.0,-13.0
351,"[[-0.2111544 ]
 [ 0.0054665 ]
 [-0.97743743]]",1455.0,9.0
352,"[[-2.00355913e-01]
 [-7.39902788e-04]
 [-9.79722900e-01]]",1418.0,18.0
353,"[[-0.20552674]
 [ 0.00200223]
 [-0.97864945]]",1395.0,28.0
354,"[[-0.20391862]
 [ 0.00627425]
 [-0.97896774]]",1376.0,39.0
355,"[[-0.21497994]
 [ 0.01221358]
 [-0.97654209]]",1374.0,52.0
356,"[[-0.20592252]
 [ 0.00840669]
 [-0.97853219]]",1364.0,59.0
357,"[[-0.20787374]
 [ 0.00918771]
 [-0.97811252]]",1359.0,64.0
358,"[[-0.17559111]
 [ 0.00336714]
 [-0.98445743]]",1324.0,63.0
359,"[[-0.06777048]
 [-0.01591927]
 [-0.99757393]]",1197.0,44.0
360,"[[-0.06239107]
 [-0.0478158 ]
 [-0.99690571]]",1099.0,-0.0
361,"[[-0.0022385 ]
 [ 0.01739113]
 [-0.99984626]]",972.0,29.0
362,"[[ 0.00747056]
 [ 0.01611831]
 [-0.99984218]]",870.0,48.0
363,"[[ 0.00219633]
 [ 0.01782976]
 [-0.99983862]]",801.0,64.0
364,"[[ 0.00153813]
 [ 0.02079828]
 [-0.99978251]]",751.0,78.0
365,"[[ 0.0037005 ]
 [ 0.02657535]
 [-0.99963996]]",713.0,94.0
366,"[[ 0.00682327]
 [ 0.02780868]
 [-0.99958998]]",682.0,107.0
367,"[[ 0.00895974]
 [ 0.03838558]
 [-0.99922283]]",658.0,126.0
368,"[[-0.00385634]
 [ 0.03775132]
 [-0.99927972]]",652.0,140.0
369,"[[ 0.11690105]
 [ 0.07893224]
 [-0.99000194]]",535.0,189.0
370,"[[ 0.16877057]
 [ 0.10765289]
 [-0.97975882]]",399.0,253.0
371,"[[ 0.179825  ]
 [ 0.12711534]
 [-0.975451  ]]",289.0,318.0
372,"[[ 0.17547335]
 [ 0.11463598]
 [-0.97778714]]",214.0,353.0
373,"[[ 0.21153465]
 [ 0.08197984]
 [-0.97392628]]",125.0,348.0
374,"[[ 0.22445682]
 [ 0.122248  ]
 [-0.96678568]]",47.0,382.0
375,"[[ 0.22141578]
 [ 0.096559  ]
 [-0.97038725]]",-6.0,382.0
376,"[[ 0.21331954]
 [ 0.11310219]
 [-0.97041366]]",-36.0,397.0
377,"[[ 0.21253761]
 [ 0.11504874]
 [-0.9703564 ]]",-57.0,410.0
378,"[[ 0.19599115]
 [ 0.07423923]
 [-0.97779139]]",-55.0,380.0
379,"[[ 0.19844695]
 [ 0.10409431]
 [-0.9745682 ]]",-58.0,386.0
380,"[[ 0.20061866]
 [ 0.09184927]
 [-0.97535423]]",-62.0,380.0
381,"[[ 0.19786394]
 [ 0.08068306]
 [-0.97690332]]",-64.0,366.0
382,"[[ 0.20250851]
 [ 0.08420018]
 [-0.97565395]]",-70.0,359.0
383,"[[ 0.2265086 ]
 [ 0.10025516]
 [-0.96883577]]",-99.0,371.0
384,"[[ 0.24610246]
 [ 0.0849586 ]
 [-0.96551314]]",-138.0,365.0
385,"[[ 0.25386663]
 [ 0.05064663]
 [-0.96591234]]",-176.0,328.0
386,"[[ 0.2505815 ]
 [ 0.0700967 ]
 [-0.96555443]]",-201.0,320.0
387,"[[ 0.24552882]
 [ 0.06227945]
 [-0.96738662]]",-214.0,306.0
388,"[[ 0.26378341]
 [ 0.10598567]
 [-0.95874154]]",-242.0,338.0
389,"[[ 0.2711069 ]
 [ 0.12433133]
 [-0.9544856 ]]",-270.0,379.0
390,"[[ 0.26790803]
 [ 0.13111474]
 [-0.95448112]]",-288.0,417.0
391,"[[ 0.27530703]
 [ 0.12198475]
 [-0.95358574]]",-310.0,435.0
392,"[[ 0.27812259]
 [ 0.13566743]
 [-0.95091649]]",-328.0,463.0
393,"[[ 0.29488431]
 [ 0.15596036]
 [-0.94271926]]",-360.0,503.0
394,"[[ 0.29889463]
 [ 0.17618025]
 [-0.93788193]]",-388.0,553.0
395,"[[ 0.25429087]
 [ 0.13758387]
 [-0.9572914 ]]",-361.0,550.0
396,"[[ 0.24292724]
 [ 0.12256246]
 [-0.96227065]]",-329.0,532.0
397,"[[ 0.21423343]
 [ 0.11446156]
 [-0.97005288]]",-278.0,512.0
398,"[[ 0.22683845]
 [ 0.10724734]
 [-0.96800947]]",-254.0,490.0
399,"[[ 0.22823689]
 [ 0.10208999]
 [-0.96823838]]",-236.0,468.0
400,"[[ 0.22089414]
 [ 0.09170928]
 [-0.97097641]]",-216.0,442.0
401,"[[ 0.19574357]
 [ 0.11825744]
 [-0.97349866]]",-177.0,448.0
402,"[[ 0.19612159]
 [ 0.12235407]
 [-0.97291614]]",-150.0,457.0
403,"[[ 0.13553205]
 [ 0.10458563]
 [-0.98523749]]",-70.0,444.0
404,"[[ 0.10240666]
 [ 0.04884711]
 [-0.99354257]]",20.0,383.0
405,"[[ 0.12183916]
 [ 0.03413249]
 [-0.9919628 ]]",68.0,324.0
406,"[[ 0.10986832]
 [ 0.02751906]
 [-0.99356512]]",114.0,275.0
407,"[[ 0.10313006]
 [ 0.01271705]
 [-0.99458658]]",153.0,226.0
408,"[[ 0.12748977]
 [ 0.01887329]
 [-0.9916603 ]]",159.0,196.0
409,"[[ 0.09862724]
 [ 0.02324315]
 [-0.99485297]]",192.0,178.0
410,"[[ 0.09539146]
 [ 0.04341185]
 [-0.99449278]]",218.0,184.0
411,"[[ 0.12988929]
 [ 0.03286345]
 [-0.99098374]]",205.0,178.0
412,"[[ 0.12171925]
 [ 0.08074783]
 [-0.98927459]]",204.0,218.0
413,"[[ 0.12514024]
 [ 0.10042701]
 [-0.98704323]]",200.0,266.0
414,"[[ 0.11391944]
 [ 0.07807537]
 [-0.99041739]]",208.0,280.0
415,"[[ 0.08172844]
 [ 0.01801191]
 [-0.99649186]]",244.0,234.0
416,"[[ 0.06818238]
 [ 0.0194824 ]
 [-0.99748263]]",282.0,202.0
417,"[[ 0.08486328]
 [ 0.05465612]
 [-0.99489242]]",294.0,212.0
418,"[[ 0.10367103]
 [ 0.06781408]
 [-0.99229712]]",285.0,232.0
419,"[[ 0.07903634]
 [ 0.05500089]
 [-0.99535328]]",301.0,234.0
420,"[[ 0.03195967]
 [ 0.04586172]
 [-0.99843642]]",358.0,227.0
421,"[[-0.17184042]
 [ 0.06351078]
 [-0.9830754 ]]",592.0,239.0
422,"[[-0.19908563]
 [ 0.05473972]
 [-0.97845208]]",789.0,240.0
423,"[[-0.1935701 ]
 [ 0.07055817]
 [-0.97854594]]",928.0,255.0
424,"[[-0.20050737]
 [ 0.07012421]
 [-0.9771793 ]]",1036.0,266.0
425,"[[-0.21217885]
 [ 0.07628511]
 [-0.9742488 ]]",1127.0,281.0
426,"[[-0.19781543]
 [ 0.07466931]
 [-0.9773912 ]]",1179.0,290.0
427,"[[-0.18933992]
 [ 0.05576705]
 [-0.9803267 ]]",1209.0,278.0
428,"[[-0.20428489]
 [ 0.07036326]
 [-0.97637938]]",1245.0,284.0
429,"[[-0.21534079]
 [ 0.07506152]
 [-0.97364989]]",1283.0,293.0
430,"[[-0.21553419]
 [ 0.13297592]
 [-0.96739982]]",1313.0,356.0
431,"[[-0.24409837]
 [ 0.12056357]
 [-0.9622268 ]]",1364.0,392.0
432,"[[-0.25463156]
 [ 0.11737504]
 [-0.95988847]]",1413.0,415.0
433,"[[-0.23273295]
 [ 0.1476995 ]
 [-0.96125971]]",1426.0,462.0
434,"[[-0.24356015]
 [ 0.14012474]
 [-0.95971012]]",1445.0,488.0
435,"[[-0.2488184 ]
 [ 0.14172909]
 [-0.95812435]]",1464.0,508.0
436,"[[-0.23359686]
 [ 0.16164713]
 [-0.95880275]]",1462.0,541.0
437,"[[-0.24273964]
 [ 0.16526631]
 [-0.95591031]]",1469.0,569.0
438,"[[-0.25281991]
 [ 0.16772867]
 [-0.95286368]]",1485.0,592.0
439,"[[-0.25916517]
 [ 0.1533382 ]
 [-0.95358314]]",1503.0,594.0
440,"[[-0.25449607]
 [ 0.16307994]
 [-0.95322436]]",1511.0,605.0
441,"[[-0.25429951]
 [ 0.14975207]
 [-0.95546118]]",1515.0,600.0
442,"[[-0.24588691]
 [ 0.12103558]
 [-0.96171202]]",1509.0,568.0
443,"[[-0.23035233]
 [ 0.12338632]
 [-0.96525314]]",1489.0,547.0
444,"[[-0.24142845]
 [ 0.09880773]
 [-0.96537523]]",1485.0,508.0
445,"[[-0.21041357]
 [ 0.19087216]
 [-0.95879818]]",1456.0,572.0
446,"[[-0.21656872]
 [ 0.1994313 ]
 [-0.95568046]]",1440.0,626.0
447,"[[-0.21898289]
 [ 0.18803322]
 [-0.95743929]]",1431.0,654.0
448,"[[-0.23806957]
 [ 0.15548539]
 [-0.95872164]]",1443.0,643.0
449,"[[-0.23263954]
 [ 0.15058932]
 [-0.96083386]]",1446.0,631.0
450,"[[-0.22152865]
 [ 0.1458318 ]
 [-0.96418781]]",1436.0,617.0
451,"[[-0.22250002]
 [ 0.12182244]
 [-0.9672916 ]]",1428.0,582.0
452,"[[-0.22717509]
 [ 0.11924318]
 [-0.96652602]]",1427.0,553.0
453,"[[-0.23367392]
 [ 0.11662288]
 [-0.9652956 ]]",1432.0,531.0
454,"[[-0.2372177 ]
 [ 0.11916881]
 [-0.96411958]]",1439.0,516.0
455,"[[-0.24212564]
 [ 0.13193867]
 [-0.96123221]]",1452.0,520.0
456,"[[-0.27081923]
 [ 0.1314734 ]
 [-0.95360982]]",1492.0,523.0
457,"[[-0.23187266]
 [ 0.13290599]
 [-0.96362392]]",1481.0,527.0
458,"[[-0.24278931]
 [ 0.11538746]
 [-0.96319213]]",1485.0,512.0
459,"[[-0.23612162]
 [ 0.12103964]
 [-0.96415558]]",1481.0,507.0
460,"[[-0.2565557 ]
 [ 0.11788077]
 [-0.95931397]]",1499.0,501.0
461,"[[-0.22514904]
 [ 0.13432254]
 [-0.96502091]]",1480.0,511.0
462,"[[-0.21993816]
 [ 0.14114349]
 [-0.96524905]]",1460.0,524.0
463,"[[-0.21650253]
 [ 0.14343124]
 [-0.96568843]]",1443.0,536.0
464,"[[-0.21092737]
 [ 0.15493733]
 [-0.96514459]]",1426.0,556.0
465,"[[-0.20813005]
 [ 0.14678793]
 [-0.96702388]]",1410.0,562.0
466,"[[-0.21194472]
 [ 0.12365993]
 [-0.96942646]]",1402.0,544.0
467,"[[-0.18490972]
 [ 0.14294944]
 [-0.97230338]]",1370.0,550.0
468,"[[-0.18937765]
 [ 0.14172695]
 [-0.97162214]]",1351.0,553.0
469,"[[-0.21429737]
 [ 0.12130507]
 [-0.96920675]]",1360.0,535.0
470,"[[-0.20854384]
 [ 0.10939765]
 [-0.97187531]]",1360.0,510.0
471,"[[-0.20207134]
 [ 0.09642972]
 [-0.97461196]]",1353.0,479.0
472,"[[-0.18559846]
 [ 0.10158048]
 [-0.97736105]]",1333.0,461.0
473,"[[-0.07935351]
 [ 0.10347533]
 [-0.99146149]]",1215.0,448.0
474,"[[ 0.07847806]
 [ 0.09598685]
 [-0.99228409]]",982.0,430.0
475,"[[ 0.11152892]
 [-0.02140901]
 [-0.99353055]]",781.0,308.0
476,"[[ 0.09807175]
 [-0.05668092]
 [-0.99356389]]",647.0,185.0
477,"[[ 0.12091865]
 [-0.06074459]
 [-0.99080209]]",529.0,92.0
478,"[[ 0.1187742 ]
 [-0.05701782]
 [-0.99128283]]",445.0,27.0
479,"[[ 0.11683464]
 [-0.10111213]
 [-0.98799089]]",386.0,-62.0
480,"[[ 0.11104154]
 [-0.11741788]
 [-0.98685501]]",347.0,-141.0
481,"[[ 0.18314125]
 [-0.12928334]
 [-0.97454867]]",249.0,-212.0
482,"[[ 0.17031519]
 [-0.1325352 ]
 [-0.97643595]]",190.0,-267.0
483,"[[ 0.17161542]
 [-0.13888836]
 [-0.97532465]]",145.0,-314.0
484,"[[ 0.19692933]
 [-0.12393943]
 [-0.97255224]]",88.0,-334.0
485,"[[ 0.18441844]
 [-0.122827  ]
 [-0.97514274]]",59.0,-346.0
486,"[[ 0.20023928]
 [-0.12864946]
 [-0.97126389]]",22.0,-362.0
487,"[[ 0.19618845]
 [-0.11627082]
 [-0.97364839]]",-1.0,-361.0
488,"[[ 0.17776801]
 [-0.14428133]
 [-0.97343795]]",-0.0,-388.0
489,"[[ 0.20224054]
 [-0.13305256]
 [-0.97025552]]",-23.0,-397.0
490,"[[ 0.19665261]
 [-0.12401311]
 [-0.97259884]]",-35.0,-395.0
491,"[[ 0.1788699 ]
 [-0.10857676]
 [-0.97786331]]",-25.0,-378.0
492,"[[ 0.18182932]
 [-0.12274987]
 [-0.97563854]]",-21.0,-379.0
493,"[[ 0.15478312]
 [-0.1877602 ]
 [-0.96994242]]",7.0,-441.0
494,"[[ 0.18909232]
 [-0.16044647]
 [-0.96876262]]",-4.0,-460.0
495,"[[ 0.17513713]
 [-0.16921993]
 [-0.96989257]]",2.0,-482.0
496,"[[ 0.18603307]
 [-0.17037782]
 [-0.96765856]]",-4.0,-500.0
497,"[[ 0.18226057]
 [-0.17008649]
 [-0.96842742]]",-5.0,-512.0
498,"[[ 0.18106225]
 [-0.17924079]
 [-0.9670001 ]]",-5.0,-529.0
499,"[[ 0.20176135]
 [-0.17861743]
 [-0.96300995]]",-24.0,-542.0
500,"[[ 0.23871041]
 [-0.16668857]
 [-0.95667772]]",-74.0,-540.0
501,"[[ 0.24308414]
 [-0.08630743]
 [-0.96615792]]",-111.0,-463.0
502,"[[ 0.23205269]
 [-0.08320267]
 [-0.96913821]]",-126.0,-403.0
503,"[[ 0.22178709]
 [-0.09345452]
 [-0.97060638]]",-128.0,-369.0
504,"[[ 0.23219311]
 [-0.11009478]
 [-0.9664189 ]]",-141.0,-360.0
505,"[[ 0.19562171]
 [-0.12752519]
 [-0.97235255]]",-116.0,-369.0
506,"[[ 0.19463134]
 [-0.09579386]
 [-0.97618757]]",-97.0,-347.0
507,"[[ 0.17713613]
 [-0.10055659]
 [-0.97903583]]",-67.0,-335.0
508,"[[ 0.17177497]
 [-0.0924203 ]
 [-0.98079144]]",-40.0,-318.0
509,"[[ 0.17617521]
 [-0.08633914]
 [-0.98056507]]",-25.0,-300.0
510,"[[ 0.18738026]
 [-0.09643883]
 [-0.97754191]]",-24.0,-297.0
511,"[[ 0.15200406]
 [-0.12986681]
 [-0.97981089]]",10.0,-325.0
512,"[[ 0.16561286]
 [-0.13098828]
 [-0.97745304]]",22.0,-347.0
513,"[[ 0.17520373]
 [-0.13820619]
 [-0.97478341]]",22.0,-369.0
514,"[[ 0.17796674]
 [-0.13998183]
 [-0.97402922]]",18.0,-388.0
515,"[[ 0.17089749]
 [-0.14804298]
 [-0.97410334]]",22.0,-410.0
516,"[[ 0.161913  ]
 [-0.12168952]
 [-0.97927312]]",36.0,-400.0
517,"[[ 0.1725614 ]
 [-0.14513965]
 [-0.97424691]]",34.0,-415.0
518,"[[ 0.1744587 ]
 [-0.12079584]
 [-0.97722696]]",32.0,-404.0
519,"[[ 0.18373135]
 [-0.14218893]
 [-0.97263822]]",20.0,-416.0
520,"[[ 0.1676186 ]
 [-0.18409712]
 [-0.96851033]]",25.0,-465.0
521,"[[ 0.17537466]
 [-0.1472355 ]
 [-0.97342973]]",22.0,-466.0
522,"[[ 0.1797034 ]
 [-0.15381094]
 [-0.97162178]]",16.0,-472.0
523,"[[ 0.16930736]
 [-0.12198307]
 [-0.97798525]]",22.0,-447.0
524,"[[ 0.097488  ]
 [-0.09614743]
 [-0.99058153]]",95.0,-402.0
525,"[[ 0.08082134]
 [-0.11576783]
 [-0.98998269]]",163.0,-388.0
526,"[[ 0.07298327]
 [-0.1224952 ]
 [-0.98978198]]",220.0,-385.0
527,"[[ 0.07075673]
 [-0.13147471]
 [-0.98879112]]",264.0,-390.0
528,"[[ 0.06897489]
 [-0.10042153]
 [-0.99255125]]",298.0,-365.0
529,"[[ 0.05145658]
 [-0.11962429]
 [-0.99148487]]",338.0,-365.0
530,"[[ 0.06087307]
 [-0.12364171]
 [-0.99045807]]",360.0,-367.0
531,"[[ 0.04916429]
 [-0.13528909]
 [-0.98958564]]",386.0,-380.0
532,"[[ 0.04676162]
 [-0.13983501]
 [-0.98907003]]",407.0,-394.0
533,"[[ 0.04645301]
 [-0.1443139 ]
 [-0.988441  ]]",423.0,-410.0
534,"[[ 0.05994962]
 [-0.139194  ]
 [-0.98844882]]",421.0,-417.0
535,"[[ 0.0304683 ]
 [-0.13784648]
 [-0.98998486]]",448.0,-420.0
536,"[[ 0.02848334]
 [-0.15880673]
 [-0.98689874]]",469.0,-442.0
537,"[[ 0.05045497]
 [-0.13531162]
 [-0.98951759]]",465.0,-436.0
538,"[[ 0.0546273 ]
 [-0.13253794]
 [-0.98967144]]",457.0,-428.0
539,"[[ 0.05649319]
 [-0.14469193]
 [-0.98786273]]",450.0,-434.0
540,"[[ 0.03521844]
 [-0.16907674]
 [-0.98497346]]",464.0,-461.0
541,"[[-0.00564638]
 [-0.19877662]
 [-0.98002856]]",513.0,-509.0
542,"[[ 0.00805426]
 [-0.18197188]
 [-0.98327075]]",535.0,-529.0
543,"[[ 0.00829152]
 [-0.1834018 ]
 [-0.98300307]]",551.0,-544.0
544,"[[ 0.00545466]
 [-0.19433617]
 [-0.98091982]]",566.0,-565.0
545,"[[ 0.01516936]
 [-0.17855978]
 [-0.98381212]]",567.0,-567.0
546,"[[ 0.0032308 ]
 [-0.17738652]
 [-0.98413596]]",579.0,-567.0
547,"[[ 0.00421974]
 [-0.18917199]
 [-0.9819349 ]]",586.0,-578.0
548,"[[-0.00121842]
 [-0.19028425]
 [-0.98172828]]",597.0,-588.0
549,"[[ 0.00204104]
 [-0.18372104]
 [-0.9829763 ]]",602.0,-588.0
550,"[[ 0.01628353]
 [-0.16286135]
 [-0.98651459]]",593.0,-568.0
551,"[[-0.01041843]
 [-0.18988766]
 [-0.98175054]]",610.0,-580.0
552,"[[-0.00763286]
 [-0.16557182]
 [-0.9861682 ]]",620.0,-566.0
553,"[[ 0.01589911]
 [-0.14062227]
 [-0.98993565]]",606.0,-531.0
554,"[[ 0.03033512]
 [-0.12537598]
 [-0.99164542]]",582.0,-490.0
555,"[[ 0.02437638]
 [-0.1651917 ]
 [-0.98596019]]",570.0,-498.0
556,"[[ 0.01487867]
 [-0.16758753]
 [-0.98574492]]",570.0,-507.0
557,"[[-0.00812431]
 [-0.17562   ]
 [-0.98442451]]",592.0,-521.0
558,"[[-0.00333729]
 [-0.17827097]
 [-0.98397577]]",603.0,-534.0
559,"[[-0.00763345]
 [-0.18286953]
 [-0.98310756]]",615.0,-548.0
560,"[[-0.00948864]
 [-0.17404948]
 [-0.98469119]]",625.0,-550.0
561,"[[ 0.00289969]
 [-0.17936016]
 [-0.98377921]]",622.0,-556.0
562,"[[ 0.00748575]
 [-0.16320512]
 [-0.98656376]]",614.0,-545.0
563,"[[ 0.007827  ]
 [-0.15856962]
 [-0.98731678]]",609.0,-533.0
564,"[[-6.32242281e-05]
 [-1.56475420e-01]
 [-9.87681851e-01]]",612.0,-522.0
565,"[[ 0.02601837]
 [-0.14059991]
 [-0.98972456]]",590.0,-499.0
566,"[[ 0.03245338]
 [-0.14742171]
 [-0.98854116]]",568.0,-489.0
567,"[[ 0.0111355 ]
 [-0.1445111 ]
 [-0.98944052]]",571.0,-479.0
568,"[[-0.01042226]
 [-0.15917512]
 [-0.98719535]]",593.0,-486.0
569,"[[ 0.01011743]
 [-0.14549313]
 [-0.98930753]]",591.0,-478.0
570,"[[ 0.02726908]
 [-0.11997805]
 [-0.99240197]]",573.0,-447.0
571,"[[ 0.02647543]
 [-0.12998933]
 [-0.99116186]]",561.0,-433.0
572,"[[ 0.03328745]
 [-0.12778558]
 [-0.99124305]]",546.0,-421.0
573,"[[ 0.02703977]
 [-0.12894433]
 [-0.99128311]]",541.0,-412.0
574,"[[ 0.0296158 ]
 [-0.12542078]
 [-0.9916615 ]]",535.0,-403.0
575,"[[ 0.031209  ]
 [-0.13280028]
 [-0.99065134]]",529.0,-403.0
576,"[[ 0.01545408]
 [-0.1456352 ]
 [-0.98921765]]",539.0,-415.0
577,"[[-0.02564742]
 [-0.03356824]
 [-0.99910729]]",584.0,-321.0
578,"[[-0.0532011 ]
 [ 0.12516547]
 [-0.99070846]]",643.0,-105.0
579,"[[-0.03570356]
 [ 0.16379756]
 [-0.98584766]]",670.0,88.0
580,"[[-0.0432972 ]
 [ 0.16440842]
 [-0.98544164]]",698.0,231.0
581,"[[-0.05541223]
 [ 0.18046836]
 [-0.98201866]]",729.0,350.0
582,"[[-0.04515661]
 [ 0.19718421]
 [-0.97932593]]",743.0,455.0
583,"[[-0.05398194]
 [ 0.20010705]
 [-0.97828581]]",760.0,535.0
584,"[[-0.07386969]
 [ 0.19423597]
 [-0.97816954]]",793.0,589.0
585,"[[-0.06368238]
 [ 0.19797729]
 [-0.97813575]]",807.0,633.0
586,"[[-0.05808143]
 [ 0.18602435]
 [-0.98082694]]",811.0,654.0
587,"[[-0.07019359]
 [ 0.17262361]
 [-0.98248356]]",827.0,656.0
588,"[[-0.06483156]
 [ 0.18984399]
 [-0.97967144]]",832.0,673.0
589,"[[-0.11035123]
 [ 0.13561171]
 [-0.98459742]]",879.0,635.0
590,"[[-0.10855867]
 [ 0.13878243]
 [-0.98435484]]",912.0,610.0
591,"[[-0.09530459]
 [ 0.17892967]
 [-0.97923501]]",924.0,630.0
592,"[[-0.09884815]
 [ 0.17905106]
 [-0.97886146]]",935.0,646.0
593,"[[-0.08820145]
 [ 0.19046386]
 [-0.9777239 ]]",935.0,668.0
594,"[[-0.08627316]
 [ 0.16808171]
 [-0.98199057]]",932.0,662.0
595,"[[-0.07846408]
 [ 0.16787313]
 [-0.98268103]]",923.0,657.0
596,"[[-0.08608197]
 [ 0.16181607]
 [-0.98305923]]",923.0,648.0
597,"[[-0.10298067]
 [ 0.16665892]
 [-0.98062214]]",940.0,647.0
598,"[[-0.10140713]
 [ 0.17668943]
 [-0.97902882]]",952.0,657.0
599,"[[-0.1061758 ]
 [ 0.17098701]
 [-0.97953568]]",965.0,658.0
600,"[[-0.10234821]
 [ 0.17425723]
 [-0.97936677]]",970.0,662.0
601,"[[-0.11103188]
 [ 0.10978615]
 [-0.98773424]]",981.0,602.0
602,"[[-0.10759021]
 [ 0.09400441]
 [-0.98974114]]",986.0,542.0
603,"[[-0.12869237]
 [ 0.10459331]
 [-0.98615339]]",1009.0,509.0
604,"[[-0.12860938]
 [ 0.09487484]
 [-0.98714659]]",1026.0,476.0
605,"[[-0.11549854]
 [ 0.1086495 ]
 [-0.98734765]]",1026.0,465.0
606,"[[-0.11449286]
 [ 0.12132453]
 [-0.9859877 ]]",1025.0,469.0
607,"[[-0.12495035]
 [ 0.12178841]
 [-0.98465984]]",1034.0,471.0
608,"[[-0.10653736]
 [ 0.12485709]
 [-0.98643829]]",1022.0,474.0
609,"[[-0.13048806]
 [ 0.13032423]
 [-0.98284712]]",1037.0,483.0
610,"[[-0.13513532]
 [ 0.13415939]
 [-0.98170245]]",1051.0,492.0
611,"[[-0.15393725]
 [ 0.11709809]
 [-0.9811174 ]]",1080.0,484.0
612,"[[-0.15168248]
 [ 0.10778107]
 [-0.98253533]]",1099.0,470.0
613,"[[-0.1028544 ]
 [ 0.13168421]
 [-0.9859413 ]]",1067.0,482.0
614,"[[-0.11379624]
 [ 0.10250552]
 [-0.98820192]]",1053.0,462.0
615,"[[-0.12132339]
 [ 0.11292825]
 [-0.98616826]]",1050.0,457.0
616,"[[-0.12638363]
 [ 0.10984554]
 [-0.98588089]]",1053.0,452.0
617,"[[-0.12355347]
 [ 0.10741409]
 [-0.98650735]]",1053.0,446.0
618,"[[-0.10872158]
 [ 0.10648655]
 [-0.98835228]]",1039.0,440.0
619,"[[-0.1034522 ]
 [ 0.10091134]
 [-0.98950217]]",1024.0,431.0
620,"[[-0.12693524]
 [ 0.09516646]
 [-0.9873352 ]]",1035.0,419.0
621,"[[-0.1157318 ]
 [ 0.12849225]
 [-0.98493446]]",1033.0,443.0
622,"[[-0.1288058 ]
 [ 0.10654962]
 [-0.98592913]]",1044.0,440.0
623,"[[-0.1315323 ]
 [ 0.10095553]
 [-0.98615781]]",1054.0,432.0
624,"[[-0.13057103]
 [ 0.09935943]
 [-0.98644762]]",1061.0,425.0
625,"[[-0.12056545]
 [ 0.12839571]
 [-0.98436706]]",1056.0,447.0
626,"[[-0.1238761 ]
 [ 0.13387629]
 [-0.98322523]]",1055.0,467.0
627,"[[-0.13654616]
 [ 0.12352587]
 [-0.98290208]]",1066.0,473.0
628,"[[-0.09604842]
 [ 0.08858568]
 [-0.99142689]]",1035.0,442.0
629,"[[-0.04280047]
 [ 0.00622511]
 [-0.99906425]]",963.0,343.0
630,"[[-0.04371737]
 [ 0.00117421]
 [-0.99904325]]",911.0,266.0
631,"[[-0.06805717]
 [-0.04015585]
 [-0.99687298]]",896.0,170.0
632,"[[-0.07097929]
 [-0.03820025]
 [-0.99674605]]",888.0,102.0
633,"[[-0.06502694]
 [-0.0266827 ]
 [-0.99752671]]",876.0,63.0
634,"[[-0.07201102]
 [-0.01161601]
 [-0.99733619]]",873.0,49.0
635,"[[-0.06792462]
 [-0.01459912]
 [-0.99758364]]",867.0,36.0
636,"[[-0.0715583 ]
 [ 0.00959712]
 [-0.99739025]]",867.0,49.0
637,"[[-0.06704496]
 [-0.0624276 ]
 [-0.99579504]]",863.0,-8.0
638,"[[-0.05831227]
 [-0.05539633]
 [-0.99676021]]",851.0,-43.0
639,"[[-0.04638967]
 [-0.01789728]
 [-0.99876308]]",832.0,-34.0
640,"[[-0.04374092]
 [-0.01429582]
 [-0.99894062]]",814.0,-25.0
641,"[[-0.06057498]
 [-0.00898966]
 [-0.99812317]]",817.0,-13.0
642,"[[-0.05268823]
 [ 0.01130989]
 [-0.99854696]]",813.0,15.0
643,"[[-0.06310649]
 [-0.02473505]
 [-0.99770023]]",819.0,1.0
644,"[[-0.0610771 ]
 [-0.02180934]
 [-0.99789475]]",822.0,-6.0
645,"[[-0.05414982]
 [-0.0296191 ]
 [-0.99809344]]",818.0,-18.0
646,"[[-0.05970088]
 [-0.05036647]
 [-0.99694484]]",820.0,-46.0
647,"[[-0.05481286]
 [-0.03220465]
 [-0.99797716]]",818.0,-50.0
648,"[[-0.07671746]
 [-0.01923865]
 [-0.99686725]]",836.0,-41.0
649,"[[-0.09293383]
 [-0.04667902]
 [-0.99457748]]",864.0,-60.0
650,"[[-0.08278697]
 [-0.0564327 ]
 [-0.99496817]]",875.0,-82.0
651,"[[-0.09482074]
 [-0.05638353]
 [-0.99389633]]",895.0,-98.0
652,"[[-0.09701112]
 [-0.04386062]
 [-0.99431639]]",911.0,-98.0
653,"[[-0.10054976]
 [-0.04968289]
 [-0.99369077]]",926.0,-104.0
654,"[[-0.0943752 ]
 [-0.04410594]
 [-0.99455919]]",931.0,-103.0
655,"[[-0.09658658]
 [-0.03681145]
 [-0.99464363]]",937.0,-96.0
656,"[[-0.09745879]
 [-0.03842067]
 [-0.99449768]]",942.0,-92.0
657,"[[-0.08205695]
 [-0.01018833]
 [-0.99657556]]",931.0,-63.0
658,"[[-0.09461828]
 [-0.04102769]
 [-0.99466784]]",935.0,-70.0
659,"[[-0.10263454]
 [-0.05645845]
 [-0.9931156 ]]",944.0,-90.0
660,"[[-0.10162452]
 [-0.0624119 ]
 [-0.99286314]]",950.0,-110.0
661,"[[-0.08939621]
 [-0.01756812]
 [-0.99584119]]",942.0,-83.0
662,"[[-0.09429286]
 [-0.00386216]
 [-0.99553701]]",942.0,-51.0
663,"[[-0.09406741]
 [ 0.01115843]
 [-0.9955033 ]]",941.0,-13.0
664,"[[-0.08720925]
 [ 0.01568979]
 [-0.99606645]]",934.0,18.0
665,"[[-0.10710094]
 [-0.02947788]
 [-0.99381107]]",947.0,-0.0
666,"[[-0.1139636 ]
 [-0.00196956]
 [-0.99348297]]",964.0,12.0
667,"[[-0.1108108 ]
 [ 0.01900997]
 [-0.99365969]]",973.0,40.0
668,"[[-0.14712747]
 [-0.00543128]
 [-0.98910263]]",1014.0,38.0
669,"[[-0.130659  ]
 [ 0.01792534]
 [-0.99126531]]",1029.0,58.0
670,"[[-0.13210722]
 [ 0.00774243]
 [-0.99120519]]",1041.0,63.0
671,"[[-0.12817311]
 [-0.03849895]
 [-0.99100428]]",1046.0,24.0
672,"[[-0.11814579]
 [-0.05718683]
 [-0.99134819]]",1041.0,-21.0
673,"[[-1.12689190e-01]
 [-1.59609063e-04]
 [-9.93630274e-01]]",1031.0,-1.0
674,"[[-0.1173341 ]
 [-0.00493886]
 [-0.99308022]]",1028.0,9.0
675,"[[-0.09848729]
 [-0.008984  ]
 [-0.99509775]]",1009.0,12.0
676,"[[-0.0934046 ]
 [ 0.01419563]
 [-0.99552703]]",990.0,36.0
677,"[[-0.09224205]
 [ 0.00602008]
 [-0.99571842]]",976.0,46.0
678,"[[-0.04377379]
 [-0.01666948]
 [-0.99890239]]",920.0,33.0
679,"[[ 0.07136841]
 [ 0.05896045]
 [-0.99570589]]",773.0,93.0
680,"[[ 0.09804892]
 [ 0.05835029]
 [-0.9934695 ]]",641.0,136.0
681,"[[ 0.11774878]
 [ 0.00236361]
 [-0.9930406 ]]",525.0,116.0
682,"[[ 0.12184406]
 [ 0.01812686]
 [-0.99238372]]",436.0,117.0
683,"[[ 0.12995462]
 [ 0.04897582]
 [-0.99030963]]",363.0,146.0
684,"[[ 0.14509146]
 [ 0.06392896]
 [-0.98735078]]",296.0,181.0
685,"[[ 0.16776383]
 [ 0.01125158]
 [-0.985763  ]]",225.0,157.0
686,"[[ 0.18545032]
 [-0.01112361]
 [-0.98259068]]",158.0,118.0
687,"[[ 0.17745653]
 [-0.00614383]
 [-0.98410946]]",117.0,94.0
688,"[[ 0.17580816]
 [ 0.01728967]
 [-0.9842726 ]]",88.0,98.0
689,"[[ 0.18861365]
 [ 0.0262009 ]
 [-0.98170179]]",54.0,110.0
690,"[[ 0.19008489]
 [-0.00173423]
 [-0.98176613]]",28.0,92.0
691,"[[ 0.22996755]
 [ 0.04143561]
 [-0.9723158 ]]",-31.0,120.0
692,"[[ 0.22728578]
 [ 0.03472026]
 [-0.97320896]]",-71.0,135.0
693,"[[ 0.22880298]
 [ 0.04087658]
 [-0.97261416]]",-102.0,151.0
694,"[[ 0.23307172]
 [ 0.04753473]
 [-0.97129708]]",-127.0,168.0
695,"[[ 0.22044495]
 [ 0.04071245]
 [-0.97454939]]",-135.0,175.0
696,"[[ 0.21493555]
 [ 0.09840497]
 [-0.97165795]]",-135.0,236.0
697,"[[ 0.22991692]
 [ 0.13048028]
 [-0.96442372]]",-154.0,314.0
698,"[[ 0.15032214]
 [ 0.00638657]
 [-0.98861644]]",-87.0,251.0
699,"[[ 0.17478148]
 [ 0.1103238 ]
 [-0.97840692]]",-64.0,306.0
700,"[[ 0.15654578]
 [ 0.08882956]
 [-0.983668  ]]",-30.0,324.0
701,"[[ 0.15684752]
 [-0.0084755 ]
 [-0.98758646]]",-3.0,243.0
702,"[[ 0.16736941]
 [ 0.00551541]
 [-0.98587883]]",8.0,197.0
703,"[[ 0.13749109]
 [-0.0127584 ]
 [-0.99042083]]",45.0,146.0
704,"[[ 0.12828455]
 [-0.04183818]
 [-0.9908545 ]]",82.0,82.0
705,"[[ 1.42077614e-01]
 [-4.51047828e-04]
 [-9.89855418e-01]]",96.0,73.0
706,"[[ 0.16756948]
 [-0.00298829]
 [-0.98585574]]",82.0,64.0
707,"[[ 0.16904882]
 [-0.00139284]
 [-0.98560669]]",71.0,59.0
708,"[[ 0.177898  ]
 [ 0.02178286]
 [-0.98380781]]",55.0,76.0
709,"[[ 0.17757662]
 [-0.0287528 ]
 [-0.98368685]]",41.0,41.0
710,"[[ 0.17881139]
 [-0.02283137]
 [-0.98361843]]",28.0,22.0
711,"[[ 0.15846284]
 [-0.03633434]
 [-0.98669618]]",40.0,-5.0
712,"[[ 0.14578697]
 [-0.03391316]
 [-0.98873457]]",61.0,-22.0
713,"[[ 0.16709212]
 [-0.01514098]
 [-0.98582502]]",58.0,-17.0
714,"[[ 0.16691518]
 [-0.0107424 ]
 [-0.98591274]]",55.0,-9.0
715,"[[ 0.16764221]
 [-0.02865586]
 [-0.98543134]]",53.0,-21.0
716,"[[ 0.15564909]
 [-0.0342545 ]
 [-0.98721831]]",62.0,-34.0
717,"[[ 0.14490433]
 [-0.03812155]
 [-0.98871102]]",79.0,-48.0
718,"[[ 0.00469438]
 [-0.05344855]
 [-0.99855957]]",222.0,-72.0
719,"[[-0.09317295]
 [-0.02797626]
 [-0.99525682]]",416.0,-65.0
720,"[[-0.09393259]
 [-0.01339238]
 [-0.99548848]]",559.0,-47.0
721,"[[-0.14373751]
 [-0.05684374]
 [-0.98798194]]",709.0,-74.0
722,"[[-0.14919439]
 [-0.04219935]
 [-0.987907  ]]",824.0,-81.0
723,"[[-0.14329514]
 [-0.05249875]
 [-0.98828659]]",903.0,-95.0
724,"[[-0.14502853]
 [-0.04111536]
 [-0.98857284]]",963.0,-95.0
725,"[[-0.14125107]
 [-0.0433819 ]
 [-0.98902282]]",1002.0,-97.0
726,"[[-0.10729291]
 [-0.0252269 ]
 [-0.99390736]]",999.0,-81.0
727,"[[-0.12142106]
 [-0.02347026]
 [-0.99232357]]",1011.0,-69.0
728,"[[-0.09885129]
 [ 0.00158796]
 [-0.99510095]]",998.0,-37.0
729,"[[-0.08925591]
 [-0.02374886]
 [-0.99572555]]",980.0,-37.0
730,"[[-0.08878105]
 [-0.02519409]
 [-0.99573249]]",966.0,-38.0
731,"[[-0.108029  ]
 [-0.05084459]
 [-0.9928467 ]]",973.0,-63.0
732,"[[-0.14967641]
 [-0.09157164]
 [-0.98448545]]",1019.0,-120.0
733,"[[-0.20678989]
 [-0.16272345]
 [-0.96475853]]",1110.0,-231.0
734,"[[-0.22427706]
 [-0.18851684]
 [-0.95611778]]",1192.0,-336.0
735,"[[-0.22224328]
 [-0.20587489]
 [-0.95300758]]",1251.0,-429.0
736,"[[-0.21953567]
 [-0.2059503 ]
 [-0.95361867]]",1290.0,-497.0
737,"[[-0.20929772]
 [-0.19081244]
 [-0.95905426]]",1308.0,-531.0
738,"[[-0.20662646]
 [-0.17491775]
 [-0.96265741]]",1319.0,-540.0
739,"[[-0.21980077]
 [-0.16551259]
 [-0.96140169]]",1340.0,-539.0
740,"[[-0.27467719]
 [-0.20030359]
 [-0.94044187]]",1412.0,-575.0
741,"[[-0.28759244]
 [-0.16629669]
 [-0.94320517]]",1475.0,-566.0
742,"[[-0.30724983]
 [-0.1514968 ]
 [-0.93949255]]",1540.0,-547.0
743,"[[-0.3122699 ]
 [-0.16291175]
 [-0.93592055]]",1594.0,-544.0
744,"[[-0.31048497]
 [-0.15266394]
 [-0.93823921]]",1630.0,-533.0
745,"[[-0.32152854]
 [-0.15522652]
 [-0.93409   ]]",1670.0,-527.0
746,"[[-0.31047558]
 [-0.16271544]
 [-0.93655144]]",1688.0,-531.0
747,"[[-0.30534225]
 [-0.16205262]
 [-0.93835231]]",1697.0,-533.0
748,"[[-0.28548513]
 [-0.17342885]
 [-0.9425607 ]]",1682.0,-545.0
749,"[[-0.28711017]
 [-0.18900689]
 [-0.93906557]]",1670.0,-567.0
750,"[[-0.27952839]
 [-0.16749072]
 [-0.94541564]]",1651.0,-561.0
751,"[[-0.28729087]
 [-0.11703433]
 [-0.95066657]]",1646.0,-509.0
752,"[[-0.24060081]
 [-0.12982221]
 [-0.96190303]]",1595.0,-481.0
753,"[[-0.24386054]
 [-0.13549483]
 [-0.96029849]]",1563.0,-467.0
754,"[[-0.23682256]
 [-0.15016892]
 [-0.95987727]]",1533.0,-471.0
755,"[[-0.20588983]
 [-0.12382899]
 [-0.9707089 ]]",1480.0,-447.0
756,"[[-0.23061682]
 [-0.13657308]
 [-0.96341252]]",1466.0,-443.0
757,"[[-0.21056678]
 [-0.13611122]
 [-0.96805752]]",1437.0,-440.0
758,"[[-0.21093278]
 [-0.13149429]
 [-0.96861582]]",1415.0,-433.0
759,"[[-0.1962104 ]
 [-0.12743941]
 [-0.97224517]]",1386.0,-423.0
760,"[[-0.17892371]
 [-0.08294766]
 [-0.98036013]]",1347.0,-374.0
761,"[[-0.21410185]
 [-0.09426955]
 [-0.97225185]]",1352.0,-349.0
762,"[[-0.23977479]
 [-0.06502404]
 [-0.9686485 ]]",1380.0,-304.0
763,"[[-0.24275205]
 [-0.07075534]
 [-0.96750459]]",1404.0,-276.0
764,"[[-0.25578813]
 [-0.0897057 ]
 [-0.96256185]]",1435.0,-274.0
765,"[[-0.25653995]
 [-0.08268867]
 [-0.96299005]]",1457.0,-266.0
766,"[[-0.25325729]
 [-0.08561134]
 [-0.96360336]]",1470.0,-262.0
767,"[[-0.26335185]
 [-0.09426414]
 [-0.96008337]]",1489.0,-268.0
768,"[[-0.2592352 ]
 [-0.08903903]
 [-0.96170118]]",1499.0,-267.0
769,"[[-0.28513641]
 [-0.11369158]
 [-0.95172026]]",1534.0,-291.0
770,"[[-0.25511936]
 [-0.09096574]
 [-0.96262108]]",1530.0,-286.0
771,"[[-0.18981881]
 [-0.12490063]
 [-0.97384221]]",1464.0,-314.0
772,"[[-0.19682331]
 [-0.09565234]
 [-0.97576186]]",1422.0,-306.0
773,"[[-0.19301033]
 [-0.11130711]
 [-0.97486293]]",1387.0,-315.0
774,"[[-0.19450097]
 [-0.15792664]
 [-0.96810565]]",1364.0,-366.0
775,"[[-0.20256061]
 [-0.16009444]
 [-0.9660947 ]]",1355.0,-407.0
776,"[[-0.20385131]
 [-0.15249704]
 [-0.96705186]]",1351.0,-429.0
777,"[[-0.19292928]
 [-0.13066092]
 [-0.97247417]]",1337.0,-424.0
778,"[[-0.19496697]
 [-0.10858547]
 [-0.97478053]]",1329.0,-399.0
779,"[[-0.1879582 ]
 [-0.10272081]
 [-0.97679074]]",1317.0,-376.0
780,"[[-0.19271677]
 [-0.09509356]
 [-0.97663579]]",1312.0,-352.0
781,"[[-0.05046438]
 [-0.06991318]
 [-0.99627581]]",1173.0,-309.0
782,"[[ 0.03065439]
 [-0.00604909]
 [-0.99951174]]",997.0,-218.0
783,"[[ 0.03235471]
 [-0.02118039]
 [-0.999252  ]]",867.0,-167.0
784,"[[-0.050386  ]
 [-0.12966694]
 [-0.9902766 ]]",850.0,-230.0
785,"[[-0.0310402 ]
 [-0.10649651]
 [-0.99382846]]",819.0,-254.0
786,"[[-0.03813137]
 [-0.09406579]
 [-0.99483548]]",803.0,-260.0
787,"[[-0.03770828]
 [-0.0849838 ]
 [-0.99566854]]",791.0,-256.0
788,"[[-0.06122198]
 [-0.10455833]
 [-0.99263257]]",804.0,-272.0
789,"[[-0.05794608]
 [-0.09670467]
 [-0.99362491]]",811.0,-277.0
790,"[[-0.05641566]
 [-0.08941367]
 [-0.99439553]]",814.0,-273.0
791,"[[-0.05665587]
 [-0.11599591]
 [-0.99163252]]",816.0,-296.0
792,"[[-0.0525536 ]
 [-0.12317498]
 [-0.99099245]]",814.0,-319.0
793,"[[-0.04389662]
 [-0.08112222]
 [-0.99573705]]",805.0,-296.0
794,"[[-0.06158925]
 [-0.08292482]
 [-0.99465081]]",815.0,-281.0
795,"[[-0.0837935 ]
 [-0.10538664]
 [-0.9908947 ]]",842.0,-291.0
796,"[[-0.08830581]
 [-0.12654387]
 [-0.98802264]]",867.0,-318.0
797,"[[-0.08990241]
 [-0.09360511]
 [-0.99154205]]",886.0,-307.0
798,"[[-0.15642142]
 [-0.07771839]
 [-0.98462795]]",963.0,-285.0
799,"[[-0.17375723]
 [ 0.01103604]
 [-0.98472668]]",1037.0,-184.0
800,"[[-0.07147523]
 [-0.11640924]
 [-0.99062616]]",995.0,-230.0
801,"[[-0.06856448]
 [-0.10073012]
 [-0.99254841]]",961.0,-249.0
802,"[[-0.12198906]
 [-0.10374405]
 [-0.98709465]]",987.0,-266.0
803,"[[-0.16732052]
 [-0.07808111]
 [-0.98280577]]",1048.0,-255.0
804,"[[-0.16074298]
 [-0.08342876]
 [-0.98346395]]",1085.0,-251.0
805,"[[-0.13721709]
 [-0.12125254]
 [-0.9830917 ]]",1090.0,-285.0
806,"[[-0.12241378]
 [-0.07995417]
 [-0.98925335]]",1080.0,-269.0
807,"[[-0.12974712]
 [-0.1433195 ]
 [-0.98113465]]",1080.0,-318.0
808,"[[-0.10612883]
 [-0.11380604]
 [-0.98781823]]",1058.0,-325.0
809,"[[-0.10440773]
 [-0.14705796]
 [-0.98360204]]",1040.0,-362.0
810,"[[-0.08606176]
 [-0.14431271]
 [-0.98578254]]",1009.0,-386.0
811,"[[-0.09230065]
 [-0.1688929 ]
 [-0.9813031 ]]",993.0,-427.0
812,"[[-0.08163793]
 [-0.1711951 ]
 [-0.98184901]]",971.0,-458.0
813,"[[-0.08554755]
 [-0.16565204]
 [-0.9824668 ]]",959.0,-476.0
814,"[[-0.09690943]
 [-0.16767717]
 [-0.98106724]]",961.0,-491.0
815,"[[-0.08738369]
 [-0.17266516]
 [-0.98109675]]",953.0,-508.0
816,"[[-0.11311122]
 [-0.20590416]
 [-0.97201303]]",972.0,-552.0
817,"[[-0.05579064]
 [-0.10742418]
 [-0.99264669]]",931.0,-490.0
818,"[[-0.05960625]
 [-0.1029487 ]
 [-0.99289912]]",905.0,-440.0
819,"[[-0.06467615]
 [-0.11599171]
 [-0.99114223]]",891.0,-417.0
820,"[[-0.07572964]
 [-0.08979899]
 [-0.99307661]]",890.0,-375.0
821,"[[-0.08190613]
 [-0.11180187]
 [-0.9903493 ]]",896.0,-366.0
822,"[[-0.06852479]
 [-0.1149362 ]
 [-0.99100657]]",887.0,-361.0
823,"[[-0.07982632]
 [-0.12340422]
 [-0.98914062]]",891.0,-367.0
824,"[[-0.07430273]
 [-0.11811201]
 [-0.99021647]]",889.0,-365.0
825,"[[-0.07538537]
 [-0.12502336]
 [-0.9892857 ]]",889.0,-371.0
826,"[[-0.07201529]
 [-0.11978992]
 [-0.99018391]]",886.0,-370.0
827,"[[-0.06733361]
 [-0.1050753 ]
 [-0.99218212]]",878.0,-356.0
828,"[[-0.0742485 ]
 [-0.12100453]
 [-0.98987124]]",880.0,-360.0
829,"[[-0.08027053]
 [-0.1281673 ]
 [-0.98849875]]",887.0,-370.0
830,"[[-0.08060905]
 [-0.12344359]
 [-0.98907222]]",893.0,-373.0
831,"[[-0.07336838]
 [-0.14784721]
 [-0.98628509]]",891.0,-398.0
832,"[[-0.07085576]
 [-0.12420319]
 [-0.98972371]]",887.0,-395.0
833,"[[-0.05235005]
 [-0.10983953]
 [-0.99256977]]",867.0,-378.0
834,"[[-0.04599949]
 [-0.11384713]
 [-0.99243281]]",846.0,-370.0
835,"[[-0.07125686]
 [-0.11533327]
 [-0.99076773]]",854.0,-366.0
836,"[[-0.05902448]
 [-0.04411482]
 [-0.9972813 ]]",847.0,-295.0
837,"[[-0.09744268]
 [ 0.00820714]
 [-0.9952073 ]]",879.0,-195.0
838,"[[-0.1010916 ]
 [-0.00926574]
 [-0.99483397]]",905.0,-138.0
839,"[[-0.0625576 ]
 [ 0.05160613]
 [-0.99670625]]",889.0,-40.0
840,"[[-0.04735101]
 [ 0.06876764]
 [-0.99650835]]",862.0,47.0
841,"[[-0.03430595]
 [ 0.1039417 ]
 [-0.99399156]]",830.0,144.0
842,"[[-0.01352904]
 [ 0.13422944]
 [-0.99085792]]",788.0,243.0
843,"[[-0.0157107 ]
 [ 0.13221591]
 [-0.99109643]]",759.0,312.0
844,"[[-0.0281525 ]
 [ 0.12854669]
 [-0.99130378]]",750.0,360.0
845,"[[-0.02653027]
 [ 0.11691027]
 [-0.99278806]]",742.0,384.0
846,"[[-0.03645659]
 [ 0.11155688]
 [-0.99308911]]",745.0,396.0
847,"[[-0.05534484]
 [ 0.12324442]
 [-0.99083185]]",764.0,415.0
848,"[[-0.08488601]
 [ 0.0913174 ]
 [-0.99219731]]",805.0,400.0
849,"[[-0.06625831]
 [ 0.09731697]
 [-0.99304544]]",818.0,394.0
850,"[[-0.07772645]
 [ 0.09352347]
 [-0.99257844]]",838.0,386.0
851,"[[-0.06955774]
 [ 0.11819491]
 [-0.9905512 ]]",846.0,404.0
852,"[[-0.08161611]
 [ 0.09484719]
 [-0.99214053]]",862.0,395.0
853,"[[-0.07305971]
 [ 0.12787488]
 [-0.9890957 ]]",866.0,419.0
854,"[[-0.08775599]
 [ 0.12011454]
 [-0.9888738 ]]",884.0,430.0
855,"[[-0.12321073]
 [ 0.11050757]
 [-0.98620849]]",929.0,428.0
856,"[[-0.13338111]
 [ 0.09430739]
 [-0.98656758]]",972.0,414.0
857,"[[-0.13715813]
 [ 0.08651407]
 [-0.98676388]]",1008.0,396.0
858,"[[-0.08716637]
 [ 0.12197239]
 [-0.98869852]]",987.0,415.0
859,"[[-0.07495093]
 [ 0.12623938]
 [-0.98916428]]",960.0,434.0
860,"[[-0.09071123]
 [ 0.07846616]
 [-0.99278121]]",956.0,403.0
861,"[[-0.07704731]
 [ 0.08400531]
 [-0.99348217]]",941.0,385.0
862,"[[-0.04814767]
 [ 0.0652079 ]
 [-0.99670945]]",902.0,354.0
863,"[[-0.06877258]
 [ 0.04795138]
 [-0.9964793 ]]",894.0,316.0
864,"[[-0.0516191 ]
 [ 0.08092227]
 [-0.99538287]]",871.0,318.0
865,"[[-0.07232638]
 [ 0.08690195]
 [-0.99358792]]",874.0,326.0
866,"[[-0.06313344]
 [ 0.08567737]
 [-0.99432065]]",868.0,330.0
867,"[[-0.06209741]
 [ 0.08679976]
 [-0.99428855]]",862.0,334.0
868,"[[-0.07219137]
 [ 0.09661042]
 [-0.99270078]]",868.0,346.0
869,"[[-0.07045487]
 [ 0.03973806]
 [-0.99672313]]",870.0,302.0
870,"[[-0.06643114]
 [-0.14675786]
 [-0.98693922]]",867.0,96.0
871,"[[-0.03869083]
 [-0.15424559]
 [-0.98727469]]",840.0,-61.0
872,"[[-0.03747076]
 [-0.13596347]
 [-0.99000499]]",818.0,-159.0
873,"[[-0.02462341]
 [-0.13116863]
 [-0.99105423]]",790.0,-226.0
874,"[[-0.04378782]
 [-0.14064251]
 [-0.98909166]]",788.0,-283.0
