frame,res,X,Y
1,"[[-0.05795988]
 [ 0.30484447]
 [-0.95063689]]",247.0,637.0
2,"[[-0.04860865]
 [ 0.31308017]
 [-0.94848195]]",380.0,627.0
3,"[[-0.04700169]
 [ 0.31833251]
 [-0.94681321]]",476.0,623.0
4,"[[-0.04585899]
 [ 0.32022772]
 [-0.94622997]]",545.0,623.0
5,"[[-0.04153334]
 [ 0.31852419]
 [-0.94700439]]",593.0,622.0
6,"[[-0.04263079]
 [ 0.31893901]
 [-0.94681599]]",628.0,620.0
7,"[[-0.04165457]
 [ 0.32081091]
 [-0.94622685]]",654.0,620.0
8,"[[-0.04209482]
 [ 0.31993079]
 [-0.94650532]]",672.0,619.0
9,"[[-0.03569492]
 [ 0.31670145]
 [-0.9478534 ]]",682.0,616.0
10,"[[-0.03796257]
 [ 0.31520098]
 [-0.94826536]]",690.0,612.0
11,"[[-0.02995415]
 [ 0.31334994]
 [-0.94916519]]",691.0,608.0
12,"[[ 0.05592239]
 [ 0.31569183]
 [-0.94721241]]",638.0,607.0
13,"[[ 0.10468924]
 [ 0.31432814]
 [-0.94352424]]",569.0,606.0
14,"[[ 0.16388052]
 [ 0.31168593]
 [-0.93594608]]",480.0,605.0
15,"[[ 0.16349315]
 [ 0.31578848]
 [-0.9346377 ]]",416.0,607.0
16,"[[ 0.18905065]
 [ 0.31642918]
 [-0.92958724]]",352.0,609.0
17,"[[ 0.19118544]
 [ 0.31481169]
 [-0.9296998 ]]",304.0,610.0
18,"[[ 0.20202165]
 [ 0.32353077]
 [-0.92439985]]",261.0,617.0
19,"[[ 0.20249965]
 [ 0.3228087 ]
 [-0.92454769]]",230.0,623.0
20,"[[ 0.21152905]
 [ 0.32545109]
 [-0.92159484]]",201.0,629.0
21,"[[ 0.22581215]
 [ 0.33152473]
 [-0.91602414]]",170.0,639.0
22,"[[ 0.23121853]
 [ 0.33158898]
 [-0.91465116]]",143.0,647.0
23,"[[ 0.23581096]
 [ 0.3348484 ]
 [-0.91228819]]",121.0,655.0
24,"[[ 0.2347458 ]
 [ 0.33310515]
 [-0.91320062]]",105.0,660.0
25,"[[ 0.23818935]
 [ 0.33147947]
 [-0.91290043]]",91.0,663.0
26,"[[ 0.24462621]
 [ 0.33340193]
 [-0.91049501]]",76.0,666.0
27,"[[ 0.24678709]
 [ 0.33313466]
 [-0.91000958]]",63.0,669.0
28,"[[ 0.24045121]
 [ 0.32615757]
 [-0.91422342]]",58.0,666.0
29,"[[ 0.2372665 ]
 [ 0.33289976]
 [-0.91262388]]",56.0,669.0
30,"[[ 0.23872749]
 [ 0.33422571]
 [-0.91175784]]",55.0,671.0
31,"[[ 0.24087425]
 [ 0.33112351]
 [-0.91232495]]",52.0,671.0
32,"[[ 0.24106994]
 [ 0.33112523]
 [-0.91227264]]",50.0,670.0
33,"[[ 0.23747264]
 [ 0.33367568]
 [-0.91228684]]",51.0,672.0
34,"[[ 0.24500387]
 [ 0.33451699]
 [-0.90998433]]",47.0,673.0
35,"[[ 0.23976621]
 [ 0.32870221]
 [-0.91349167]]",47.0,670.0
36,"[[ 0.23906817]
 [ 0.33022087]
 [-0.91312682]]",49.0,669.0
37,"[[ 0.25099699]
 [ 0.34228091]
 [-0.90545253]]",40.0,678.0
38,"[[ 0.25276587]
 [ 0.34275058]
 [-0.90478254]]",32.0,685.0
39,"[[ 0.24900851]
 [ 0.3389516 ]
 [-0.90725221]]",30.0,687.0
40,"[[ 0.24867659]
 [ 0.33679797]
 [-0.90814486]]",28.0,687.0
41,"[[ 0.24624714]
 [ 0.33448483]
 [-0.90966051]]",29.0,684.0
42,"[[ 0.27395841]
 [ 0.34995512]
 [-0.89581148]]",9.0,696.0
43,"[[ 0.2704384 ]
 [ 0.32192977]
 [-0.90731709]]",-2.0,686.0
44,"[[ 0.1570887 ]
 [ 0.22719114]
 [-0.96109694]]",69.0,608.0
45,"[[ 0.1417042 ]
 [ 0.1365971 ]
 [-0.98043926]]",133.0,494.0
46,"[[ 0.14151611]
 [ 0.12739559]
 [-0.98170441]]",178.0,405.0
47,"[[ 0.17163172]
 [ 0.21559023]
 [-0.96128217]]",191.0,398.0
48,"[[ 0.19436301]
 [ 0.26716701]
 [-0.94384576]]",183.0,428.0
49,"[[ 0.19345491]
 [ 0.28363159]
 [-0.93921686]]",178.0,460.0
50,"[[ 0.21855581]
 [ 0.31866018]
 [-0.92232806]]",157.0,508.0
51,"[[ 0.23244868]
 [ 0.33949608]
 [-0.91143295]]",131.0,559.0
52,"[[ 0.22467417]
 [ 0.33511223]
 [-0.91499798]]",117.0,592.0
53,"[[ 0.22226463]
 [ 0.34824623]
 [-0.91067173]]",108.0,626.0
54,"[[ 0.17656506]
 [ 0.22408945]
 [-0.95844076]]",135.0,565.0
55,"[[ 0.0993902 ]
 [ 0.1606205 ]
 [-0.98199931]]",206.0,478.0
56,"[[ 0.12001473]
 [ 0.16137092]
 [-0.97956924]]",244.0,416.0
57,"[[ 0.19890461]
 [ 0.24260628]
 [-0.94951522]]",220.0,424.0
58,"[[ 0.23761679]
 [ 0.3061628 ]
 [-0.92184739]]",174.0,476.0
59,"[[ 0.22630846]
 [ 0.33974626]
 [-0.91288387]]",147.0,536.0
60,"[[ 0.22878707]
 [ 0.341494  ]
 [-0.91161304]]",126.0,581.0
61,"[[ 0.25018603]
 [ 0.34006183]
 [-0.90651249]]",96.0,613.0
62,"[[ 0.25035281]
 [ 0.33272984]
 [-0.90918333]]",75.0,630.0
63,"[[ 0.24985705]
 [ 0.33306675]
 [-0.90919634]]",60.0,643.0
64,"[[ 0.25183175]
 [ 0.33047921]
 [-0.90959566]]",48.0,651.0
65,"[[ 0.23961731]
 [ 0.33368031]
 [-0.91172419]]",47.0,659.0
66,"[[ 0.23994035]
 [ 0.33607532]
 [-0.91075903]]",47.0,666.0
67,"[[ 0.24441006]
 [ 0.33442723]
 [-0.91017699]]",44.0,670.0
68,"[[ 0.2429401 ]
 [ 0.33536668]
 [-0.91022486]]",43.0,673.0
69,"[[ 0.23595237]
 [ 0.33061814]
 [-0.91379326]]",48.0,670.0
70,"[[ 0.2332319 ]
 [ 0.32988872]
 [-0.91475478]]",53.0,668.0
71,"[[ 0.23349795]
 [ 0.33711692]
 [-0.91204764]]",57.0,672.0
72,"[[ 0.23624439]
 [ 0.33654474]
 [-0.91155155]]",57.0,674.0
73,"[[ 0.2293898 ]
 [ 0.33392511]
 [-0.91426163]]",62.0,674.0
74,"[[ 0.22394871]
 [ 0.3322829 ]
 [-0.91620688]]",69.0,673.0
75,"[[ 0.21854123]
 [ 0.33048041]
 [-0.91816253]]",78.0,670.0
76,"[[ 0.2318546 ]
 [ 0.33276507]
 [-0.91406283]]",76.0,671.0
77,"[[ 0.22861964]
 [ 0.33387146]
 [-0.91447412]]",76.0,671.0
78,"[[ 0.23722455]
 [ 0.33294027]
 [-0.91262001]]",70.0,672.0
79,"[[ 0.22621507]
 [ 0.33358562]
 [-0.91517615]]",74.0,671.0
80,"[[ 0.22664298]
 [ 0.33092484]
 [-0.91603587]]",76.0,669.0
81,"[[ 0.23761109]
 [ 0.33456714]
 [-0.91192423]]",70.0,671.0
82,"[[ 0.22324789]
 [ 0.332483  ]
 [-0.91630532]]",75.0,671.0
83,"[[ 0.22131015]
 [ 0.32429443]
 [-0.91970372]]",81.0,664.0
84,"[[ 0.22392462]
 [ 0.31611371]
 [-0.92191642]]",84.0,654.0
85,"[[ 0.21674984]
 [ 0.32129399]
 [-0.92184037]]",91.0,650.0
86,"[[ 0.21766761]
 [ 0.32222565]
 [-0.92129878]]",96.0,646.0
87,"[[ 0.22124927]
 [ 0.3234887 ]
 [-0.92000208]]",97.0,643.0
88,"[[ 0.22712876]
 [ 0.32414654]
 [-0.91833629]]",95.0,642.0
89,"[[ 0.23134471]
 [ 0.32024392]
 [-0.91865306]]",91.0,638.0
90,"[[ 0.22613083]
 [ 0.33306662]
 [-0.91538597]]",91.0,643.0
91,"[[ 0.24294308]
 [ 0.33887914]
 [-0.90892221]]",79.0,652.0
92,"[[ 0.2427785 ]
 [ 0.34134999]
 [-0.90804118]]",70.0,661.0
93,"[[ 0.24101092]
 [ 0.34099323]
 [-0.90864589]]",64.0,668.0
94,"[[ 0.24018599]
 [ 0.34539942]
 [-0.90719895]]",60.0,676.0
95,"[[ 0.22687083]
 [ 0.32962645]
 [-0.9164475 ]]",67.0,669.0
96,"[[ 0.23225848]
 [ 0.33260611]
 [-0.91401815]]",68.0,668.0
97,"[[ 0.23314911]
 [ 0.33063925]
 [-0.91450488]]",68.0,666.0
98,"[[ 0.23731665]
 [ 0.32761709]
 [-0.91452056]]",65.0,663.0
99,"[[ 0.23446645]
 [ 0.32872297]
 [-0.91485884]]",64.0,661.0
100,"[[ 0.23622588]
 [ 0.33056274]
 [-0.91374264]]",63.0,661.0
101,"[[ 0.25059448]
 [ 0.32210323]
 [-0.91293588]]",51.0,657.0
102,"[[ 0.24739425]
 [ 0.32468195]
 [-0.91289524]]",44.0,655.0
103,"[[ 0.25082993]
 [ 0.32517679]
 [-0.91178089]]",36.0,655.0
104,"[[ 0.26122225]
 [ 0.32461831]
 [-0.90905769]]",25.0,654.0
105,"[[ 0.25878313]
 [ 0.33016753]
 [-0.90775586]]",17.0,657.0
106,"[[ 0.25762679]
 [ 0.31849098]
 [-0.91224555]]",12.0,652.0
107,"[[ 0.24270596]
 [ 0.3183093 ]
 [-0.91639129]]",19.0,647.0
108,"[[ 0.23375543]
 [ 0.31158214]
 [-0.92101844]]",31.0,637.0
109,"[[ 0.25191015]
 [ 0.33218301]
 [-0.90895309]]",26.0,644.0
110,"[[ 0.25637381]
 [ 0.33262606]
 [-0.90754194]]",20.0,649.0
111,"[[ 0.24988657]
 [ 0.33410792]
 [-0.90880614]]",21.0,652.0
112,"[[ 0.23675963]
 [ 0.33684378]
 [-0.91130738]]",29.0,656.0
113,"[[ 0.2424304 ]
 [ 0.33311372]
 [-0.91118755]]",31.0,656.0
114,"[[ 0.23590283]
 [ 0.33496669]
 [-0.91222101]]",37.0,657.0
115,"[[ 0.23413384]
 [ 0.34134789]
 [-0.91030927]]",43.0,663.0
116,"[[ 0.23399579]
 [ 0.34996236]
 [-0.90706798]]",45.0,675.0
117,"[[ 0.23966665]
 [ 0.34473975]
 [-0.90758713]]",44.0,680.0
118,"[[ 0.24239709]
 [ 0.34238653]
 [-0.90775278]]",41.0,682.0
119,"[[ 0.24754943]
 [ 0.34060033]
 [-0.90703401]]",35.0,683.0
120,"[[ 0.23119125]
 [ 0.33895974]
 [-0.91195225]]",43.0,680.0
121,"[[ 0.08785535]
 [ 0.29445099]
 [-0.9516197 ]]",144.0,643.0
122,"[[-0.13115793]
 [ 0.21559676]
 [-0.96763404]]",354.0,564.0
123,"[[-0.26015299]
 [ 0.22075196]
 [-0.93999414]]",590.0,512.0
124,"[[-0.29465078]
 [ 0.21256347]
 [-0.93166394]]",785.0,470.0
125,"[[-0.30616202]
 [ 0.22019969]
 [-0.92616247]]",936.0,445.0
126,"[[-0.31412913]
 [ 0.2089669 ]
 [-0.92609704]]",1053.0,420.0
127,"[[-0.32505275]
 [ 0.204602  ]
 [-0.92329775]]",1146.0,400.0
128,"[[-0.33362136]
 [ 0.20053055]
 [-0.92113207]]",1220.0,383.0
129,"[[-0.33220094]
 [ 0.20202016]
 [-0.92131992]]",1273.0,372.0
130,"[[-0.32828405]
 [ 0.20231844]
 [-0.92265748]]",1309.0,363.0
131,"[[-0.32855252]
 [ 0.19950778]
 [-0.92317381]]",1336.0,355.0
132,"[[-0.3297312 ]
 [ 0.19518567]
 [-0.92367737]]",1356.0,347.0
133,"[[-0.34268383]
 [ 0.19906896]
 [-0.91811728]]",1380.0,343.0
134,"[[-0.34897944]
 [ 0.19932116]
 [-0.91568795]]",1402.0,340.0
135,"[[-0.34420989]
 [ 0.18273156]
 [-0.92093905]]",1415.0,328.0
136,"[[-0.34042721]
 [ 0.19052399]
 [-0.92076594]]",1423.0,325.0
137,"[[-0.33963093]
 [ 0.18819972]
 [-0.92153768]]",1428.0,321.0
138,"[[-0.34175617]
 [ 0.18925519]
 [-0.92053528]]",1433.0,319.0
139,"[[-0.34107756]
 [ 0.18458486]
 [-0.92173452]]",1435.0,313.0
140,"[[-0.35074472]
 [ 0.18000891]
 [-0.91900758]]",1444.0,306.0
141,"[[-0.3441105 ]
 [ 0.18968512]
 [-0.9195692 ]]",1446.0,306.0
142,"[[-0.35036694]
 [ 0.19318851]
 [-0.91647215]]",1453.0,310.0
143,"[[-0.3475772 ]
 [ 0.19882409]
 [-0.91632913]]",1456.0,316.0
144,"[[-0.34586632]
 [ 0.19684867]
 [-0.91740236]]",1459.0,319.0
145,"[[-0.349701  ]
 [ 0.19384933]
 [-0.91658696]]",1466.0,320.0
146,"[[-0.34494797]
 [ 0.18997019]
 [-0.91919651]]",1469.0,318.0
147,"[[-0.34694879]
 [ 0.18926356]
 [-0.91858905]]",1475.0,317.0
148,"[[-0.32619536]
 [ 0.19931132]
 [-0.92405172]]",1465.0,323.0
149,"[[-0.32479496]
 [ 0.20740188]
 [-0.92276362]]",1458.0,332.0
150,"[[-0.33369859]
 [ 0.19946262]
 [-0.92133594]]",1459.0,333.0
151,"[[-0.33457076]
 [ 0.18277325]
 [-0.92447625]]",1462.0,324.0
152,"[[-0.33198958]
 [ 0.17425756]
 [-0.92704758]]",1462.0,312.0
153,"[[-0.33245586]
 [ 0.20147881]
 [-0.92134651]]",1464.0,322.0
154,"[[-0.34099001]
 [ 0.21717766]
 [-0.91463636]]",1472.0,340.0
155,"[[-0.38277569]
 [ 0.21951656]
 [-0.89738244]]",1512.0,359.0
156,"[[-0.37944886]
 [ 0.16026371]
 [-0.9112267 ]]",1538.0,332.0
157,"[[-0.35641474]
 [ 0.19026676]
 [-0.91474974]]",1542.0,332.0
158,"[[-0.3651425 ]
 [ 0.23164707]
 [-0.901671  ]]",1552.0,361.0
159,"[[-0.3554889 ]
 [ 0.22272913]
 [-0.90775513]]",1552.0,376.0
160,"[[-0.34508146]
 [ 0.20282356]
 [-0.91639587]]",1542.0,371.0
161,"[[-0.3391118 ]
 [ 0.1978146 ]
 [-0.91971331]]",1529.0,363.0
162,"[[-0.35018905]
 [ 0.19415565]
 [-0.91633575]]",1529.0,356.0
163,"[[-0.24726332]
 [ 0.12195237]
 [-0.96124319]]",1455.0,300.0
164,"[[-0.25129464]
 [ 0.09000027]
 [-0.96371726]]",1404.0,239.0
165,"[[-0.33660682]
 [ 0.04766332]
 [-0.94043823]]",1427.0,168.0
166,"[[-0.33361682]
 [ 0.20035821]
 [-0.92117122]]",1445.0,218.0
167,"[[-0.34012325]
 [ 0.17578608]
 [-0.92380486]]",1461.0,238.0
168,"[[-0.34785488]
 [ 0.17949794]
 [-0.92020513]]",1478.0,255.0
169,"[[-0.33432471]
 [ 0.18460837]
 [-0.92420059]]",1478.0,268.0
170,"[[-0.34672812]
 [ 0.16706166]
 [-0.92296805]]",1486.0,267.0
171,"[[-0.34520057]
 [ 0.16994513]
 [-0.9230142 ]]",1491.0,267.0
172,"[[-0.3423665 ]
 [ 0.16276197]
 [-0.9253614 ]]",1492.0,262.0
173,"[[-0.34375966]
 [ 0.16868664]
 [-0.9237825 ]]",1493.0,263.0
174,"[[-0.3477311 ]
 [ 0.15648007]
 [-0.9244442 ]]",1496.0,254.0
175,"[[-0.34427701]
 [ 0.16976139]
 [-0.92339288]]",1496.0,258.0
176,"[[-0.34851146]
 [ 0.16659912]
 [-0.9223798 ]]",1500.0,258.0
177,"[[-0.34707837]
 [ 0.16733187]
 [-0.92278743]]",1502.0,258.0
178,"[[-0.35119724]
 [ 0.16501642]
 [-0.92164531]]",1505.0,257.0
179,"[[-0.34636985]
 [ 0.1810784 ]
 [-0.92045561]]",1505.0,267.0
180,"[[-0.34355732]
 [ 0.16353663]
 [-0.92478329]]",1502.0,262.0
181,"[[-0.35261223]
 [ 0.17661084]
 [-0.91895225]]",1508.0,268.0
182,"[[-0.35513282]
 [ 0.17111561]
 [-0.91902129]]",1512.0,268.0
183,"[[-0.35347232]
 [ 0.16261431]
 [-0.92120242]]",1514.0,263.0
184,"[[-0.34901159]
 [ 0.15409343]
 [-0.92436255]]",1511.0,252.0
185,"[[-0.33847756]
 [ 0.1719251 ]
 [-0.92513497]]",1501.0,256.0
186,"[[-0.34027645]
 [ 0.16966499]
 [-0.92489228]]",1496.0,257.0
187,"[[-0.34173582]
 [ 0.15897864]
 [-0.92625181]]",1492.0,251.0
188,"[[-0.34008573]
 [ 0.1620213 ]
 [-0.9263319 ]]",1489.0,249.0
189,"[[-0.34303261]
 [ 0.17286537]
 [-0.92328013]]",1489.0,254.0
190,"[[-0.33898767]
 [ 0.16963778]
 [-0.9253704 ]]",1487.0,257.0
191,"[[-0.3403996 ]
 [ 0.1800692 ]
 [-0.92287767]]",1486.0,265.0
192,"[[-0.33865226]
 [ 0.17866762]
 [-0.92379247]]",1484.0,270.0
193,"[[-0.34250751]
 [ 0.17063304]
 [-0.92389013]]",1488.0,269.0
194,"[[-0.34491014]
 [ 0.16623421]
 [-0.92379824]]",1492.0,266.0
195,"[[-0.35449167]
 [ 0.16702041]
 [-0.92002165]]",1502.0,264.0
196,"[[-0.34861899]
 [ 0.17226388]
 [-0.92129797]]",1504.0,266.0
197,"[[-0.34580684]
 [ 0.1681821 ]
 [-0.92311018]]",1503.0,264.0
198,"[[-0.34157956]
 [ 0.16849003]
 [-0.92462669]]",1500.0,262.0
199,"[[-0.34808183]
 [ 0.169804  ]
 [-0.92195751]]",1501.0,262.0
200,"[[-0.34972893]
 [ 0.16248879]
 [-0.92265219]]",1502.0,257.0
201,"[[-0.3476424 ]
 [ 0.16413947]
 [-0.92314842]]",1501.0,254.0
202,"[[-0.34012143]
 [ 0.169954  ]
 [-0.92489624]]",1496.0,256.0
203,"[[-0.34125773]
 [ 0.17203951]
 [-0.92409175]]",1494.0,260.0
204,"[[-0.33872184]
 [ 0.17170047]
 [-0.92508727]]",1490.0,262.0
205,"[[-0.33417064]
 [ 0.17092232]
 [-0.92688486]]",1485.0,262.0
206,"[[-0.3319208 ]
 [ 0.17119426]
 [-0.92764277]]",1479.0,263.0
207,"[[-0.33491212]
 [ 0.17064562]
 [-0.92666819]]",1476.0,263.0
208,"[[-0.33096464]
 [ 0.16914714]
 [-0.92835966]]",1473.0,262.0
209,"[[-0.32977821]
 [ 0.18226937]
 [-0.92629596]]",1469.0,270.0
210,"[[-0.32611455]
 [ 0.18794751]
 [-0.92645833]]",1463.0,280.0
211,"[[-0.34030587]
 [ 0.1910789 ]
 [-0.92069581]]",1470.0,289.0
212,"[[-0.34330487]
 [ 0.19146246]
 [-0.91950198]]",1477.0,296.0
213,"[[-0.3412859 ]
 [ 0.18893948]
 [-0.92077457]]",1480.0,300.0
214,"[[-0.33006383]
 [ 0.1859837 ]
 [-0.92545553]]",1474.0,300.0
215,"[[-0.32836963]
 [ 0.18125248]
 [-0.92699564]]",1469.0,297.0
216,"[[-0.33180192]
 [ 0.18072103]
 [-0.92587655]]",1467.0,295.0
217,"[[-0.33115769]
 [ 0.18857255]
 [-0.92454042]]",1465.0,298.0
218,"[[-0.34391136]
 [ 0.18377893]
 [-0.92084216]]",1474.0,298.0
219,"[[-0.34086448]
 [ 0.18838814]
 [-0.9210436 ]]",1479.0,302.0
220,"[[-0.33806711]
 [ 0.22016936]
 [-0.91500606]]",1482.0,327.0
221,"[[-0.33824232]
 [ 0.23449335]
 [-0.91137534]]",1487.0,355.0
222,"[[-0.33609569]
 [ 0.24139676]
 [-0.91036657]]",1488.0,381.0
223,"[[-0.35578668]
 [ 0.2443796 ]
 [-0.90205014]]",1504.0,403.0
224,"[[-0.35744506]
 [ 0.2543178 ]
 [-0.89864091]]",1516.0,426.0
225,"[[-0.33928266]
 [ 0.27102254]
 [-0.90079635]]",1514.0,454.0
226,"[[-0.33774828]
 [ 0.26946764]
 [-0.90183884]]",1511.0,474.0
227,"[[-0.3359979 ]
 [ 0.27470673]
 [-0.90091155]]",1509.0,493.0
228,"[[-0.33731615]
 [ 0.27493914]
 [-0.90034787]]",1508.0,507.0
229,"[[-0.33684318]
 [ 0.2810334 ]
 [-0.8986417 ]]",1507.0,521.0
230,"[[-0.33643051]
 [ 0.28136975]
 [-0.89869103]]",1505.0,531.0
231,"[[-0.33212064]
 [ 0.27571485]
 [-0.90204058]]",1500.0,534.0
232,"[[-0.33486084]
 [ 0.27370189]
 [-0.90164045]]",1498.0,535.0
233,"[[-0.32808279]
 [ 0.27929954]
 [-0.90241534]]",1491.0,539.0
234,"[[-0.32573713]
 [ 0.28162321]
 [-0.9025429 ]]",1483.0,542.0
235,"[[-0.32627308]
 [ 0.27191874]
 [-0.90532098]]",1478.0,539.0
236,"[[-0.32591349]
 [ 0.26497136]
 [-0.90750789]]",1476.0,533.0
237,"[[-0.334693  ]
 [ 0.27167413]
 [-0.90231578]]",1482.0,534.0
238,"[[-0.33420442]
 [ 0.27287684]
 [-0.90213394]]",1486.0,536.0
239,"[[-0.33878529]
 [ 0.27350992]
 [-0.90023155]]",1492.0,537.0
240,"[[-0.34108726]
 [ 0.27795137]
 [-0.89799918]]",1497.0,541.0
241,"[[-0.34414928]
 [ 0.28789767]
 [-0.89368686]]",1504.0,551.0
242,"[[-0.34075136]
 [ 0.28770176]
 [-0.89505095]]",1507.0,559.0
243,"[[-0.34975449]
 [ 0.28628065]
 [-0.89202869]]",1516.0,564.0
244,"[[-0.34663472]
 [ 0.28878306]
 [-0.89243975]]",1521.0,569.0
245,"[[-0.34409701]
 [ 0.29093301]
 [-0.89272349]]",1522.0,574.0
246,"[[-0.34439081]
 [ 0.29124629]
 [-0.89250802]]",1524.0,579.0
247,"[[-0.34234402]
 [ 0.29692582]
 [-0.89142337]]",1524.0,586.0
248,"[[-0.34173115]
 [ 0.30158582]
 [-0.89009315]]",1523.0,595.0
249,"[[-0.34406285]
 [ 0.29463515]
 [-0.89152167]]",1526.0,597.0
250,"[[-0.38955813]
 [ 0.31706123]
 [-0.8647061 ]]",1568.0,622.0
251,"[[-0.3025995 ]
 [ 0.20350549]
 [-0.93113858]]",1524.0,552.0
252,"[[-0.33939647]
 [ 0.12198128]
 [-0.9327007 ]]",1519.0,447.0
253,"[[-0.35454377]
 [ 0.04263243]
 [-0.93406702]]",1524.0,318.0
254,"[[-0.32817868]
 [ 0.25443321]
 [-0.90970462]]",1514.0,367.0
255,"[[-0.3467953 ]
 [ 0.25253833]
 [-0.90330361]]",1521.0,403.0
256,"[[-0.34763127]
 [ 0.2606518 ]
 [-0.90067371]]",1527.0,434.0
257,"[[-0.33401417]
 [ 0.25560489]
 [-0.90724896]]",1520.0,452.0
258,"[[-0.33847875]
 [ 0.25532467]
 [-0.90567182]]",1517.0,464.0
259,"[[-0.34311097]
 [ 0.2454295 ]
 [-0.90666379]]",1518.0,466.0
260,"[[-0.3412337 ]
 [ 0.26056575]
 [-0.90314177]]",1518.0,479.0
261,"[[-0.34055   ]
 [ 0.27031874]
 [-0.90052955]]",1518.0,494.0
262,"[[-0.34008551]
 [ 0.2812356 ]
 [-0.89735633]]",1518.0,514.0
263,"[[-0.32048029]
 [ 0.1644489 ]
 [-0.93287134]]",1501.0,447.0
264,"[[-0.24771881]
 [ 0.18275741]
 [-0.95143845]]",1438.0,409.0
265,"[[-0.27136083]
 [ 0.1777259 ]
 [-0.94592642]]",1409.0,379.0
266,"[[-0.3003528 ]
 [ 0.11674275]
 [-0.94665692]]",1405.0,316.0
267,"[[-0.37400942]
 [ 0.17180394]
 [-0.91137279]]",1460.0,310.0
268,"[[-0.34972308]
 [ 0.25532383]
 [-0.90138977]]",1487.0,365.0
269,"[[-0.33994603]
 [ 0.26072952]
 [-0.90358   ]]",1499.0,408.0
270,"[[-0.3280276 ]
 [ 0.26105406]
 [-0.90788142]]",1497.0,438.0
271,"[[-0.35109812]
 [ 0.26625452]
 [-0.89768516]]",1513.0,464.0
272,"[[-0.35106517]
 [ 0.25450438]
 [-0.90109976]]",1523.0,474.0
273,"[[-0.35121563]
 [ 0.26756195]
 [-0.89725035]]",1530.0,490.0
274,"[[-0.3488618 ]
 [ 0.26766077]
 [-0.89813872]]",1533.0,502.0
275,"[[-0.34055669]
 [ 0.27533256]
 [-0.89900674]]",1529.0,515.0
276,"[[-0.33876394]
 [ 0.274274  ]
 [-0.90000709]]",1524.0,524.0
277,"[[-0.33994125]
 [ 0.27509356]
 [-0.89931278]]",1522.0,530.0
278,"[[-0.34410562]
 [ 0.27207146]
 [-0.89864812]]",1524.0,533.0
279,"[[-0.33510836]
 [ 0.28063752]
 [-0.89941368]]",1518.0,541.0
280,"[[-0.33547393]
 [ 0.27905091]
 [-0.89977099]]",1513.0,545.0
281,"[[-0.33320343]
 [ 0.27426105]
 [-0.90208445]]",1507.0,544.0
282,"[[-0.34571883]
 [ 0.26970141]
 [-0.89874337]]",1511.0,540.0
283,"[[-0.33524101]
 [ 0.27786896]
 [-0.90022348]]",1506.0,543.0
284,"[[-0.33369353]
 [ 0.27604898]
 [-0.90135764]]",1503.0,544.0
285,"[[-0.32375605]
 [ 0.27176999]
 [-0.90626878]]",1492.0,543.0
286,"[[-0.32037616]
 [ 0.27372659]
 [-0.90688085]]",1482.0,542.0
287,"[[-0.34175339]
 [ 0.27171356]
 [-0.89965347]]",1489.0,541.0
288,"[[-0.33250596]
 [ 0.28002038]
 [-0.90057114]]",1488.0,546.0
289,"[[-0.34657009]
 [ 0.2726555 ]
 [-0.89752334]]",1498.0,546.0
290,"[[-0.349357 ]
 [ 0.2719088]
 [-0.896669 ]]",1507.0,545.0
291,"[[-0.34281512]
 [ 0.28474276]
 [-0.89520911]]",1509.0,553.0
292,"[[-0.33546439]
 [ 0.28746351]
 [-0.89712227]]",1505.0,561.0
293,"[[-0.34042179]
 [ 0.28896921]
 [-0.89476802]]",1505.0,568.0
294,"[[-0.34164756]
 [ 0.28535522]
 [-0.89546041]]",1508.0,571.0
295,"[[-0.33581987]
 [ 0.28192482]
 [-0.89874546]]",1504.0,570.0
296,"[[-0.33785204]
 [ 0.28341874]
 [-0.89751313]]",1504.0,571.0
297,"[[-0.33811513]
 [ 0.28294638]
 [-0.8975631 ]]",1503.0,571.0
298,"[[-0.33499524]
 [ 0.28059838]
 [-0.89946803]]",1501.0,570.0
299,"[[-0.33434171]
 [ 0.28179143]
 [-0.89933821]]",1499.0,570.0
300,"[[-0.33521307]
 [ 0.28141919]
 [-0.89913038]]",1500.0,570.0
301,"[[-0.34385499]
 [ 0.27931644]
 [-0.89651886]]",1507.0,571.0
302,"[[-0.34028906]
 [ 0.28167435]
 [-0.89714152]]",1510.0,572.0
303,"[[-0.34384785]
 [ 0.2823796 ]
 [-0.89556151]]",1513.0,573.0
304,"[[-0.35027835]
 [ 0.28335173]
 [-0.89275802]]",1519.0,574.0
305,"[[-0.34461518]
 [ 0.28489902]
 [-0.89446796]]",1520.0,576.0
306,"[[-0.34880908]
 [ 0.28524226]
 [-0.89273125]]",1524.0,577.0
307,"[[-0.34015772]
 [ 0.28312574]
 [-0.89673437]]",1521.0,577.0
308,"[[-0.3387573 ]
 [ 0.28269573]
 [-0.89739992]]",1517.0,576.0
309,"[[-0.34001774]
 [ 0.28295221]
 [-0.89684223]]",1516.0,576.0
310,"[[-0.34228724]
 [ 0.27705502]
 [-0.89781956]]",1517.0,572.0
311,"[[-0.34807089]
 [ 0.28492709]
 [-0.89311993]]",1523.0,575.0
312,"[[-0.34323253]
 [ 0.28371535]
 [-0.89537536]]",1523.0,577.0
313,"[[-0.34753696]
 [ 0.283275  ]
 [-0.89385309]]",1526.0,578.0
314,"[[-0.34699712]
 [ 0.28176255]
 [-0.89454059]]",1528.0,577.0
315,"[[-0.34717   ]
 [ 0.28364863]
 [-0.8938772 ]]",1528.0,577.0
316,"[[-0.34774946]
 [ 0.28595674]
 [-0.89291604]]",1529.0,579.0
317,"[[-0.26341236]
 [ 0.2877922 ]
 [-0.92075489]]",1466.0,575.0
318,"[[-0.13913501]
 [ 0.30385375]
 [-0.94250429]]",1336.0,577.0
319,"[[-0.03987479]
 [ 0.30794751]
 [-0.95056737]]",1177.0,579.0
320,"[[-0.01684939]
 [ 0.30025081]
 [-0.95371146]]",1047.0,575.0
321,"[[ 0.03106061]
 [ 0.3038928 ]
 [-0.95219977]]",921.0,576.0
322,"[[ 0.03299254]
 [ 0.3048997 ]
 [-0.95181283]]",828.0,578.0
323,"[[ 0.03832367]
 [ 0.30236295]
 [-0.95242215]]",757.0,577.0
324,"[[ 0.03337391]
 [ 0.30338387]
 [-0.95228379]]",708.0,578.0
325,"[[ 0.04755722]
 [ 0.29948124]
 [-0.95291621]]",663.0,574.0
326,"[[ 0.04582154]
 [ 0.30066688]
 [-0.95262784]]",632.0,572.0
327,"[[ 0.04251895]
 [ 0.29975746]
 [-0.95306747]]",611.0,569.0
328,"[[ 0.04312246]
 [ 0.2990716 ]
 [-0.95325581]]",596.0,567.0
329,"[[ 0.04526325]
 [ 0.29779107]
 [-0.9535574 ]]",583.0,564.0
330,"[[ 0.04479766]
 [ 0.30262275]
 [-0.95205706]]",574.0,566.0
331,"[[ 0.06773439]
 [ 0.30524146]
 [-0.94986299]]",553.0,569.0
332,"[[ 0.07065425]
 [ 0.30841048]
 [-0.94862582]]",536.0,573.0
333,"[[ 0.07333805]
 [ 0.30845608]
 [-0.94840728]]",521.0,576.0
334,"[[ 0.07155067]
 [ 0.30499301]
 [-0.94966297]]",512.0,577.0
335,"[[ 0.06444397]
 [ 0.30523032]
 [-0.95009548]]",510.0,577.0
336,"[[ 0.06522403]
 [ 0.3070499 ]
 [-0.94945573]]",508.0,578.0
337,"[[ 0.07425296]
 [ 0.29129445]
 [-0.95374737]]",501.0,569.0
338,"[[ 0.07269464]
 [ 0.29201176]
 [-0.95364806]]",497.0,562.0
339,"[[ 0.08557219]
 [ 0.30158152]
 [-0.94959254]]",485.0,564.0
340,"[[ 0.08493095]
 [ 0.30025463]
 [-0.95007047]]",477.0,565.0
341,"[[ 0.08098978]
 [ 0.29696827]
 [-0.95144653]]",473.0,564.0
342,"[[ 0.07648417]
 [ 0.29557316]
 [-0.95225347]]",474.0,562.0
343,"[[ 0.07340278]
 [ 0.29327609]
 [-0.95320573]]",476.0,558.0
344,"[[ 0.08871313]
 [ 0.30399756]
 [-0.94853332]]",468.0,562.0
345,"[[ 0.08473282]
 [ 0.29947971]
 [-0.95033271]]",465.0,563.0
346,"[[ 0.08481293]
 [ 0.30318917]
 [-0.94914862]]",462.0,565.0
347,"[[ 0.07954616]
 [ 0.30068232]
 [-0.95040126]]",464.0,565.0
348,"[[ 0.07940809]
 [ 0.30024141]
 [-0.95055218]]",466.0,564.0
349,"[[ 0.08086152]
 [ 0.30895035]
 [-0.94763447]]",466.0,570.0
350,"[[ 0.08212924]
 [ 0.30949234]
 [-0.94734855]]",465.0,575.0
351,"[[ 0.070109  ]
 [ 0.30917742]
 [-0.9484166 ]]",472.0,578.0
352,"[[ 0.07187902]
 [ 0.30872526]
 [-0.9484314 ]]",476.0,580.0
353,"[[ 0.08625134]
 [ 0.33329293]
 [-0.93886982]]",468.0,601.0
354,"[[ 0.11766267]
 [ 0.35863596]
 [-0.92603226]]",441.0,637.0
355,"[[-0.08811332]
 [ 0.19236224]
 [-0.97736012]]",554.0,550.0
356,"[[-0.09440572]
 [ 0.23182838]
 [-0.96816484]]",641.0,513.0
357,"[[ 0.02228953]
 [ 0.1953752 ]
 [-0.98047525]]",631.0,460.0
358,"[[ 0.09228313]
 [ 0.26946377]
 [-0.95857869]]",579.0,472.0
359,"[[ 0.09425307]
 [ 0.31099429]
 [-0.94572666]]",540.0,508.0
360,"[[ 0.07742956]
 [ 0.3249682 ]
 [-0.94254991]]",522.0,543.0
361,"[[ 0.09179719]
 [ 0.29181628]
 [-0.9520591 ]]",500.0,546.0
362,"[[ 0.08840509]
 [ 0.28303046]
 [-0.95502791]]",487.0,542.0
363,"[[ 0.09849476]
 [ 0.28708751]
 [-0.95282713]]",471.0,542.0
364,"[[ 0.09772507]
 [ 0.29078256]
 [-0.95178533]]",459.0,544.0
365,"[[ 0.10639259]
 [ 0.29394349]
 [-0.94988307]]",445.0,548.0
366,"[[ 0.10939864]
 [ 0.29514219]
 [-0.94916965]]",433.0,552.0
367,"[[ 0.08276484]
 [ 0.28754351]
 [-0.95418484]]",441.0,548.0
368,"[[ 0.08530772]
 [ 0.28825504]
 [-0.9537461 ]]",446.0,545.0
369,"[[ 0.08787489]
 [ 0.29474373]
 [-0.95152726]]",448.0,547.0
370,"[[ 0.08480584]
 [ 0.29351987]
 [-0.95218383]]",451.0,548.0
371,"[[ 0.0824883 ]
 [ 0.28977681]
 [-0.95353295]]",455.0,547.0
372,"[[ 0.08237886]
 [ 0.2937957 ]
 [-0.95231183]]",458.0,548.0
373,"[[ 0.0728613 ]
 [ 0.30028464]
 [-0.95106275]]",466.0,554.0
374,"[[ 0.06757736]
 [ 0.29502504]
 [-0.95309681]]",475.0,554.0
375,"[[ 0.0653528 ]
 [ 0.28832764]
 [-0.955299  ]]",484.0,550.0
376,"[[ 0.07093527]
 [ 0.29450069]
 [-0.95301497]]",486.0,552.0
377,"[[ 0.0783353 ]
 [ 0.29147397]
 [-0.95336588]]",482.0,552.0
378,"[[ 0.08137567]
 [ 0.29066433]
 [-0.9533584 ]]",478.0,551.0
379,"[[ 0.0759777 ]
 [ 0.28889088]
 [-0.95434242]]",479.0,550.0
380,"[[ 0.07654377]
 [ 0.2842158 ]
 [-0.95569997]]",479.0,545.0
381,"[[ 0.07501758]
 [ 0.28992603]
 [-0.95410443]]",480.0,546.0
382,"[[ 0.07831541]
 [ 0.29669354]
 [-0.95175608]]",478.0,551.0
383,"[[ 0.08416077]
 [ 0.29920709]
 [-0.9504694 ]]",473.0,557.0
384,"[[ 0.08218743]
 [ 0.30223482]
 [-0.94968381]]",471.0,562.0
385,"[[ 0.07225481]
 [ 0.29404773]
 [-0.9530557 ]]",476.0,561.0
386,"[[ 0.06970864]
 [ 0.30045001]
 [-0.95124681]]",481.0,564.0
387,"[[ 0.0738753 ]
 [ 0.29474082]
 [-0.95271732]]",482.0,563.0
388,"[[ 0.06498743]
 [ 0.29159088]
 [-0.95433296]]",489.0,559.0
389,"[[ 0.06716483]
 [ 0.28914158]
 [-0.95492724]]",492.0,554.0
390,"[[ 0.06912969]
 [ 0.29584811]
 [-0.95273028]]",493.0,555.0
391,"[[ 0.06254041]
 [ 0.28578577]
 [-0.95625059]]",498.0,549.0
392,"[[ 0.06664144]
 [ 0.2870555 ]
 [-0.95559304]]",498.0,546.0
393,"[[ 0.0649394 ]
 [ 0.28683551]
 [-0.95577626]]",500.0,543.0
394,"[[ 0.0652874 ]
 [ 0.29411112]
 [-0.95353878]]",501.0,545.0
395,"[[ 0.06784901]
 [ 0.29310409]
 [-0.95367002]]",501.0,547.0
396,"[[ 0.07048254]
 [ 0.29291582]
 [-0.95353686]]",498.0,548.0
397,"[[ 0.08290074]
 [ 0.29900022]
 [-0.95064522]]",488.0,553.0
398,"[[ 0.07438599]
 [ 0.29803159]
 [-0.95165324]]",487.0,556.0
399,"[[ 0.07814076]
 [ 0.29572203]
 [-0.95207274]]",484.0,556.0
400,"[[ 0.07460788]
 [ 0.28971862]
 [-0.95419955]]",485.0,552.0
401,"[[ 0.05823421]
 [ 0.30210026]
 [-0.95149578]]",495.0,559.0
402,"[[ 0.06593705]
 [ 0.3007468 ]
 [-0.95142192]]",497.0,563.0
403,"[[ 0.06456702]
 [ 0.30176677]
 [-0.95119289]]",499.0,566.0
404,"[[ 0.07283805]
 [ 0.30235733]
 [-0.95040763]]",496.0,568.0
405,"[[ 0.07738103]
 [ 0.302273  ]
 [-0.95007537]]",491.0,570.0
406,"[[ 0.06827293]
 [ 0.30664145]
 [-0.94937339]]",492.0,575.0
407,"[[ 0.0686781 ]
 [ 0.30643104]
 [-0.9494121 ]]",493.0,578.0
408,"[[ 0.06315079]
 [ 0.29614717]
 [-0.95305237]]",498.0,574.0
409,"[[ 0.08073523]
 [ 0.29239991]
 [-0.952882  ]]",489.0,568.0
410,"[[ 0.07984417]
 [ 0.29833262]
 [-0.95111648]]",484.0,567.0
411,"[[ 0.08745899]
 [ 0.29671058]
 [-0.95095413]]",476.0,566.0
412,"[[ 0.0862529 ]
 [ 0.30643275]
 [-0.94797648]]",471.0,571.0
413,"[[ 0.09917764]
 [ 0.32614511]
 [-0.94010274]]",459.0,589.0
414,"[[ 0.05809861]
 [ 0.2902314 ]
 [-0.95519123]]",476.0,579.0
415,"[[ 0.03930301]
 [ 0.29093924]
 [-0.95593391]]",500.0,575.0
416,"[[ 0.06419978]
 [ 0.30771942]
 [-0.94930877]]",502.0,583.0
417,"[[ 0.09208248]
 [ 0.30953152]
 [-0.94642012]]",485.0,590.0
418,"[[ 0.08165617]
 [ 0.30243293]
 [-0.94966657]]",480.0,589.0
419,"[[ 0.10116562]
 [ 0.31607639]
 [-0.94332456]]",463.0,599.0
420,"[[ 0.09650978]
 [ 0.30911878]
 [-0.94611386]]",454.0,601.0
421,"[[ 0.10488298]
 [ 0.31832114]
 [-0.94216305]]",441.0,608.0
422,"[[ 0.1058676 ]
 [ 0.31782465]
 [-0.94222054]]",432.0,612.0
423,"[[ 0.0944003 ]
 [ 0.30863263]
 [-0.94648533]]",432.0,609.0
424,"[[ 0.09133142]
 [ 0.30837691]
 [-0.94686971]]",435.0,605.0
425,"[[ 0.1026622 ]
 [ 0.30071474]
 [-0.94817251]]",430.0,598.0
426,"[[ 0.10069079]
 [ 0.30373807]
 [-0.94741994]]",427.0,593.0
427,"[[ 0.14569998]
 [ 0.3264851 ]
 [-0.93390524]]",396.0,609.0
428,"[[ 0.17694336]
 [ 0.35809959]
 [-0.91676373]]",350.0,644.0
429,"[[ 0.19734452]
 [ 0.3863711 ]
 [-0.90098419]]",302.0,693.0
430,"[[ 0.2044458 ]
 [ 0.38574546]
 [-0.89966792]]",261.0,730.0
431,"[[ 0.22450139]
 [ 0.40071165]
 [-0.88827321]]",214.0,771.0
432,"[[ 0.22210115]
 [ 0.39679884]
 [-0.89062998]]",183.0,798.0
433,"[[ 0.22464446]
 [ 0.39915325]
 [-0.88893844]]",157.0,820.0
434,"[[ 0.23050068]
 [ 0.39599204]
 [-0.88885305]]",135.0,833.0
435,"[[ 0.22823058]
 [ 0.39617875]
 [-0.8893555 ]]",120.0,844.0
436,"[[ 0.22690335]
 [ 0.40153999]
 [-0.88728829]]",110.0,855.0
437,"[[ 0.22384987]
 [ 0.40273196]
 [-0.88752364]]",104.0,864.0
438,"[[ 0.22721052]
 [ 0.40368685]
 [-0.8862349 ]]",98.0,872.0
439,"[[ 0.23674241]
 [ 0.40690669]
 [-0.88225845]]",86.0,881.0
440,"[[ 0.24328631]
 [ 0.40714125]
 [-0.88036798]]",71.0,889.0
441,"[[ 0.25453419]
 [ 0.40685763]
 [-0.87731364]]",52.0,896.0
442,"[[ 0.24370283]
 [ 0.40880071]
 [-0.87948332]]",47.0,901.0
443,"[[ 0.248431  ]
 [ 0.4034686 ]
 [-0.88062201]]",41.0,900.0
444,"[[ 0.24486673]
 [ 0.40541946]
 [-0.88072433]]",39.0,900.0
445,"[[ 0.26219545]
 [ 0.40542084]
 [-0.87572113]]",25.0,901.0
446,"[[ 0.25239597]
 [ 0.41080165]
 [-0.87609262]]",22.0,905.0
447,"[[ 0.26268025]
 [ 0.40103232]
 [-0.87759453]]",13.0,900.0
448,"[[ 0.24409515]
 [ 0.40455666]
 [-0.88133505]]",20.0,897.0
449,"[[ 0.25212907]
 [ 0.41319132]
 [-0.87504507]]",18.0,904.0
450,"[[ 0.22151385]
 [ 0.40145873]
 [-0.88868583]]",39.0,897.0
451,"[[ 0.14402362]
 [ 0.26342379]
 [-0.9538685 ]]",112.0,789.0
452,"[[ 0.03351724]
 [ 0.17367115]
 [-0.98423317]]",236.0,651.0
453,"[[ 0.06265267]
 [ 0.22217334]
 [-0.97299211]]",307.0,582.0
454,"[[ 0.09525205]
 [ 0.31451387]
 [-0.94446179]]",338.0,594.0
455,"[[ 0.17696083]
 [ 0.3498259 ]
 [-0.91994929]]",305.0,631.0
456,"[[ 0.19239432]
 [ 0.37830405]
 [-0.90546699]]",269.0,680.0
457,"[[ 0.22851662]
 [ 0.3963648 ]
 [-0.88919914]]",215.0,733.0
458,"[[ 0.23268433]
 [ 0.39076621]
 [-0.89059518]]",173.0,768.0
459,"[[ 0.22582385]
 [ 0.40640462]
 [-0.88534675]]",147.0,805.0
460,"[[ 0.22772401]
 [ 0.40428152]
 [-0.88583194]]",125.0,831.0
461,"[[ 0.23694927]
 [ 0.38777683]
 [-0.89077728]]",105.0,837.0
462,"[[ 0.24368223]
 [ 0.38818299]
 [-0.88878171]]",85.0,842.0
463,"[[ 0.24167365]
 [ 0.38831286]
 [-0.88927328]]",72.0,846.0
464,"[[ 0.24594405]
 [ 0.39055629]
 [-0.88711742]]",59.0,851.0
465,"[[ 0.24009869]
 [ 0.39584747]
 [-0.88637317]]",53.0,859.0
466,"[[ 0.23840322]
 [ 0.39568594]
 [-0.88690278]]",50.0,864.0
467,"[[ 0.2316457 ]
 [ 0.39841752]
 [-0.88747042]]",52.0,870.0
468,"[[ 0.22973407]
 [ 0.39835393]
 [-0.88799572]]",55.0,873.0
469,"[[ 0.24769377]
 [ 0.40046678]
 [-0.88219848]]",45.0,876.0
470,"[[ 0.24904212]
 [ 0.39840351]
 [-0.88275289]]",35.0,880.0
471,"[[ 0.24451656]
 [ 0.39881053]
 [-0.88383359]]",32.0,881.0
472,"[[ 0.24511802]
 [ 0.40063629]
 [-0.88284071]]",29.0,884.0
473,"[[ 0.24641408]
 [ 0.40125144]
 [-0.88220031]]",27.0,885.0
474,"[[ 0.25096238]
 [ 0.4021599 ]
 [-0.88050286]]",23.0,886.0
475,"[[ 0.24555576]
 [ 0.40163284]
 [-0.88226608]]",24.0,885.0
476,"[[ 0.24393281]
 [ 0.40268176]
 [-0.88223817]]",26.0,885.0
477,"[[ 0.23700578]
 [ 0.39719252]
 [-0.88660384]]",33.0,881.0
478,"[[ 0.22968804]
 [ 0.39610154]
 [-0.88901461]]",44.0,875.0
479,"[[ 0.22661852]
 [ 0.40130518]
 [-0.8874673 ]]",53.0,876.0
480,"[[ 0.23283578]
 [ 0.40591723]
 [-0.88375263]]",55.0,880.0
481,"[[ 0.24007312]
 [ 0.40856578]
 [-0.88059009]]",50.0,887.0
482,"[[ 0.24176775]
 [ 0.40703088]
 [-0.88083722]]",44.0,892.0
483,"[[ 0.2361622 ]
 [ 0.40837486]
 [-0.88173544]]",45.0,896.0
484,"[[ 0.236626  ]
 [ 0.40272849]
 [-0.88420467]]",45.0,894.0
485,"[[ 0.24290585]
 [ 0.39943327]
 [-0.8839965 ]]",41.0,890.0
486,"[[ 0.23525617]
 [ 0.3960922 ]
 [-0.88756155]]",44.0,884.0
487,"[[ 0.23325439]
 [ 0.39750606]
 [-0.88745779]]",47.0,880.0
488,"[[ 0.2323586 ]
 [ 0.40074833]
 [-0.88623375]]",50.0,880.0
489,"[[ 0.23045792]
 [ 0.4004711 ]
 [-0.88685514]]",54.0,880.0
490,"[[ 0.22956505]
 [ 0.40112712]
 [-0.88679024]]",57.0,880.0
491,"[[ 0.23655597]
 [ 0.39776053]
 [-0.88646931]]",54.0,879.0
492,"[[ 0.23661869]
 [ 0.3993609 ]
 [-0.88573273]]",52.0,879.0
493,"[[ 0.22601035]
 [ 0.4023207 ]
 [-0.88716254]]",58.0,881.0
494,"[[ 0.23056978]
 [ 0.40191023]
 [-0.88617478]]",59.0,881.0
495,"[[ 0.23224752]
 [ 0.39902247]
 [-0.88704124]]",60.0,879.0
496,"[[ 0.23126175]
 [ 0.40069769]
 [-0.88654349]]",61.0,877.0
497,"[[ 0.2334159 ]
 [ 0.40510938]
 [-0.88397025]]",61.0,878.0
498,"[[ 0.23417269]
 [ 0.40571287]
 [-0.88349319]]",60.0,880.0
499,"[[ 0.23681665]
 [ 0.40286047]
 [-0.8840935 ]]",57.0,880.0
500,"[[ 0.2367436 ]
 [ 0.40473096]
 [-0.88325835]]",55.0,882.0
501,"[[ 0.24649811]
 [ 0.40410614]
 [-0.88087281]]",46.0,884.0
502,"[[ 0.25141937]
 [ 0.40367133]
 [-0.87968049]]",35.0,887.0
503,"[[ 0.24778016]
 [ 0.40404029]
 [-0.88054326]]",28.0,890.0
504,"[[ 0.25247573]
 [ 0.40229921]
 [-0.88000645]]",21.0,891.0
505,"[[ 0.24618494]
 [ 0.39611598]
 [-0.88458188]]",21.0,887.0
506,"[[ 0.24765762]
 [ 0.39705517]
 [-0.88374934]]",18.0,885.0
507,"[[ 0.24342285]
 [ 0.39561735]
 [-0.88556887]]",21.0,881.0
508,"[[ 0.2395177 ]
 [ 0.40027977]
 [-0.88453795]]",25.0,882.0
509,"[[ 0.24052305]
 [ 0.39729826]
 [-0.88560869]]",26.0,880.0
510,"[[ 0.23738436]
 [ 0.39902542]
 [-0.88567905]]",31.0,879.0
511,"[[ 0.23981394]
 [ 0.38916919]
 [-0.88940239]]",33.0,872.0
512,"[[ 0.23697079]
 [ 0.38928053]
 [-0.89011545]]",36.0,866.0
513,"[[ 0.23792578]
 [ 0.39105807]
 [-0.88908093]]",38.0,864.0
514,"[[ 0.24153317]
 [ 0.39367312]
 [-0.88695164]]",36.0,865.0
515,"[[ 0.23911103]
 [ 0.39353769]
 [-0.88766773]]",36.0,865.0
516,"[[ 0.23496996]
 [ 0.39297875]
 [-0.88902015]]",40.0,863.0
517,"[[ 0.23547256]
 [ 0.39860426]
 [-0.88637877]]",41.0,867.0
518,"[[ 0.23520615]
 [ 0.39804473]
 [-0.88670089]]",42.0,870.0
519,"[[ 0.23468343]
 [ 0.39363472]
 [-0.8888056 ]]",43.0,870.0
520,"[[ 0.23304227]
 [ 0.39113705]
 [-0.89033876]]",45.0,868.0
521,"[[ 0.24473066]
 [ 0.39824987]
 [-0.88402712]]",38.0,872.0
522,"[[ 0.24372246]
 [ 0.39833025]
 [-0.8842694 ]]",34.0,875.0
523,"[[ 0.24374494]
 [ 0.39829526]
 [-0.88427897]]",31.0,878.0
524,"[[ 0.23534663]
 [ 0.40115054]
 [-0.88526279]]",33.0,881.0
525,"[[ 0.12886095]
 [ 0.3929033 ]
 [-0.91050637]]",111.0,871.0
526,"[[ 0.03153453]
 [ 0.37605062]
 [-0.92606236]]",232.0,848.0
527,"[[-0.06126983]
 [ 0.37101802]
 [-0.9266022 ]]",381.0,826.0
528,"[[-0.10478765]
 [ 0.37614275]
 [-0.92061728]]",519.0,816.0
529,"[[-0.05765429]
 [ 0.25470602]
 [-0.96529831]]",586.0,724.0
530,"[[-0.14290105]
 [ 0.13935108]
 [-0.97987783]]",688.0,583.0
531,"[[-0.17478884]
 [ 0.16023043]
 [-0.97148086]]",784.0,495.0
532,"[[-0.13341561]
 [ 0.20624449]
 [-0.96936241]]",828.0,460.0
533,"[[-0.13132055]
 [ 0.28508645]
 [-0.94946334]]",860.0,486.0
534,"[[-0.13517029]
 [ 0.30087751]
 [-0.94403481]]",886.0,517.0
535,"[[-0.11570143]
 [ 0.35547486]
 [-0.92749706]]",894.0,580.0
536,"[[-0.11508714]
 [ 0.34192795]
 [-0.93265225]]",899.0,614.0
537,"[[-0.12748811]
 [ 0.34274999]
 [-0.93073585]]",911.0,640.0
538,"[[-0.12043152]
 [ 0.3534395 ]
 [-0.92767277]]",916.0,665.0
539,"[[-0.15422008]
 [ 0.35383999]
 [-0.92250389]]",942.0,685.0
540,"[[-0.15605199]
 [ 0.35101324]
 [-0.92327541]]",962.0,698.0
541,"[[-0.15302755]
 [ 0.33659867]
 [-0.92913072]]",974.0,695.0
542,"[[-0.15693921]
 [ 0.3409703 ]
 [-0.92688151]]",985.0,696.0
543,"[[-0.16516411]
 [ 0.33174405]
 [-0.92879853]]",999.0,692.0
544,"[[-0.16020385]
 [ 0.32599693]
 [-0.93169777]]",1006.0,684.0
545,"[[-0.18575681]
 [ 0.32593467]
 [-0.92696332]]",1028.0,679.0
546,"[[-0.16988017]
 [ 0.32774046]
 [-0.9293691 ]]",1033.0,676.0
547,"[[-0.1695589 ]
 [ 0.32625309]
 [-0.92995091]]",1036.0,671.0
548,"[[-0.16720067]
 [ 0.3335318 ]
 [-0.92779334]]",1035.0,671.0
549,"[[-0.16166475]
 [ 0.33726371]
 [-0.9274253 ]]",1031.0,673.0
550,"[[-0.1605105 ]
 [ 0.37546096]
 [-0.91283375]]",1029.0,702.0
551,"[[-0.18422756]
 [ 0.18050365]
 [-0.96616698]]",1038.0,592.0
552,"[[-0.13373771]
 [ 0.15687816]
 [-0.97852106]]",1013.0,498.0
553,"[[-0.25155212]
 [ 0.12113806]
 [-0.96023284]]",1072.0,409.0
554,"[[-0.21493153]
 [ 0.16746176]
 [-0.96216475]]",1091.0,373.0
555,"[[-0.15970922]
 [ 0.31304807]
 [-0.93621251]]",1072.0,444.0
556,"[[-0.1207341 ]
 [ 0.35282052]
 [-0.92786904]]",1033.0,523.0
557,"[[-0.13268569]
 [ 0.35338572]
 [-0.92602   ]]",1013.0,581.0
558,"[[-0.1210845 ]
 [ 0.33242501]
 [-0.93532463]]",990.0,606.0
559,"[[-0.1370375 ]
 [ 0.34572815]
 [-0.92827408]]",983.0,635.0
560,"[[-0.13718014]
 [ 0.3441737 ]
 [-0.92883049]]",978.0,654.0
561,"[[-0.13544132]
 [ 0.33922423]
 [-0.93090417]]",973.0,663.0
562,"[[-0.13681905]
 [ 0.33794112]
 [-0.93116934]]",970.0,670.0
563,"[[-0.14048569]
 [ 0.33842481]
 [-0.93044743]]",971.0,676.0
564,"[[-0.14573778]
 [ 0.33454797]
 [-0.93104144]]",975.0,677.0
565,"[[-0.13759741]
 [ 0.33465058]
 [-0.93224242]]",972.0,677.0
566,"[[-0.14068993]
 [ 0.33275274]
 [-0.93246016]]",973.0,676.0
567,"[[-0.14447693]
 [ 0.33005149]
 [-0.93284105]]",975.0,672.0
568,"[[-0.14641421]
 [ 0.32886596]
 [-0.9329577 ]]",977.0,669.0
569,"[[-0.14788247]
 [ 0.32619736]
 [-0.93366271]]",980.0,664.0
570,"[[-0.13910234]
 [ 0.33115489]
 [-0.93326683]]",976.0,664.0
571,"[[-0.14092861]
 [ 0.32595884]
 [-0.93482082]]",975.0,662.0
572,"[[-0.13944213]
 [ 0.32595366]
 [-0.93504551]]",973.0,661.0
573,"[[-0.13734612]
 [ 0.32702996]
 [-0.93497992]]",970.0,660.0
574,"[[-0.14079378]
 [ 0.32545218]
 [-0.93501764]]",970.0,659.0
575,"[[-0.14930611]
 [ 0.33223038]
 [-0.93130589]]",976.0,663.0
576,"[[-0.15212735]
 [ 0.32806801]
 [-0.93232433]]",982.0,664.0
577,"[[-0.14301502]
 [ 0.33956543]
 [-0.92964618]]",981.0,671.0
578,"[[-0.1429069 ]
 [ 0.336037  ]
 [-0.93094401]]",980.0,674.0
579,"[[-0.14526554]
 [ 0.33360363]
 [-0.93145399]]",980.0,674.0
580,"[[-0.14522801]
 [ 0.33435662]
 [-0.93118982]]",980.0,674.0
581,"[[-0.16498283]
 [ 0.33487581]
 [-0.92770623]]",993.0,675.0
582,"[[-0.16667381]
 [ 0.33685356]
 [-0.92668739]]",1003.0,676.0
583,"[[-0.15539691]
 [ 0.33324293]
 [-0.92994674]]",1003.0,674.0
584,"[[-0.15394991]
 [ 0.33573791]
 [-0.92928977]]",1003.0,676.0
585,"[[-0.1519594 ]
 [ 0.33063171]
 [-0.93144566]]",1000.0,672.0
586,"[[-0.14857222]
 [ 0.33363912]
 [-0.93091956]]",997.0,673.0
587,"[[-0.15202909]
 [ 0.32959503]
 [-0.93180163]]",997.0,670.0
588,"[[-0.15669589]
 [ 0.32639443]
 [-0.93215507]]",1000.0,667.0
589,"[[-0.15736679]
 [ 0.33761161]
 [-0.92803776]]",1003.0,672.0
590,"[[-0.15513843]
 [ 0.33279406]
 [-0.93015062]]",1003.0,671.0
591,"[[-0.16235331]
 [ 0.32713673]
 [-0.93092586]]",1008.0,666.0
592,"[[-0.15824715]
 [ 0.33242864]
 [-0.92975751]]",1009.0,667.0
593,"[[-0.15899458]
 [ 0.33573344]
 [-0.92844159]]",1010.0,669.0
594,"[[-0.16036386]
 [ 0.33098809]
 [-0.92990877]]",1011.0,667.0
595,"[[-0.15538101]
 [ 0.32914835]
 [-0.93140652]]",1009.0,664.0
596,"[[-0.15260564]
 [ 0.32482712]
 [-0.93338034]]",1005.0,658.0
597,"[[-0.15169512]
 [ 0.32354059]
 [-0.93397542]]",1001.0,653.0
598,"[[-0.14740054]
 [ 0.33109118]
 [-0.93201487]]",996.0,655.0
599,"[[-0.14675626]
 [ 0.33211679]
 [-0.9317516 ]]",992.0,657.0
600,"[[-0.14462011]
 [ 0.33358863]
 [-0.93155979]]",988.0,661.0
601,"[[-0.12862038]
 [ 0.34436529]
 [-0.92998352]]",975.0,671.0
602,"[[-0.13647705]
 [ 0.33802503]
 [-0.93118908]]",971.0,675.0
603,"[[-0.13905329]
 [ 0.33694435]
 [-0.9311996 ]]",969.0,676.0
604,"[[-0.14209638]
 [ 0.33560705]
 [-0.93122313]]",969.0,676.0
605,"[[-0.14057813]
 [ 0.33565814]
 [-0.93143513]]",969.0,676.0
606,"[[-0.13145677]
 [ 0.33329563]
 [-0.93361295]]",963.0,675.0
607,"[[-0.12932664]
 [ 0.33849524]
 [-0.93203841]]",958.0,678.0
608,"[[-0.13172432]
 [ 0.33177063]
 [-0.93411828]]",956.0,675.0
609,"[[-0.13818378]
 [ 0.32969556]
 [-0.93391974]]",959.0,672.0
610,"[[-0.13963563]
 [ 0.32755542]
 [-0.93445671]]",962.0,668.0
611,"[[-0.16024722]
 [ 0.33882085]
 [-0.92710369]]",978.0,674.0
612,"[[-0.15002271]
 [ 0.34482424]
 [-0.92660101]]",983.0,682.0
613,"[[-0.15315305]
 [ 0.34581468]
 [-0.92571937]]",988.0,688.0
614,"[[-0.14730052]
 [ 0.34843451]
 [-0.92568674]]",988.0,694.0
615,"[[-0.13936248]
 [ 0.34917466]
 [-0.92663648]]",982.0,699.0
616,"[[-0.1484328 ]
 [ 0.34387339]
 [-0.92721022]]",985.0,700.0
617,"[[-0.15374913]
 [ 0.34628337]
 [-0.92544532]]",990.0,702.0
618,"[[-0.1574932 ]
 [ 0.34604904]
 [-0.92490321]]",997.0,704.0
619,"[[-0.16557042]
 [ 0.33909035]
 [-0.9260692 ]]",1007.0,700.0
620,"[[-0.16763862]
 [ 0.33733139]
 [-0.92633948]]",1016.0,697.0
621,"[[-0.16297007]
 [ 0.33543113]
 [-0.92786136]]",1019.0,692.0
622,"[[-0.17007293]
 [ 0.32737927]
 [-0.92946114]]",1025.0,683.0
623,"[[-0.15993391]
 [ 0.32815829]
 [-0.93098512]]",1023.0,676.0
624,"[[-0.1449057 ]
 [ 0.33207811]
 [-0.93205497]]",1011.0,674.0
625,"[[-0.09812353]
 [ 0.35731301]
 [-0.92881601]]",973.0,691.0
626,"[[-0.08033279]
 [ 0.37733835]
 [-0.92258464]]",934.0,717.0
627,"[[-0.04929908]
 [ 0.39189136]
 [-0.9186897 ]]",886.0,748.0
628,"[[-0.06169672]
 [ 0.38622833]
 [-0.92033754]]",859.0,767.0
629,"[[-0.04920614]
 [ 0.39649587]
 [-0.91671685]]",832.0,790.0
630,"[[-0.05759105]
 [ 0.39290921]
 [-0.9177721 ]]",817.0,803.0
631,"[[-0.05146763]
 [ 0.41044798]
 [-0.91043042]]",803.0,825.0
632,"[[-0.05993561]
 [ 0.41013248]
 [-0.91005443]]",798.0,841.0
633,"[[-0.04702569]
 [ 0.41494787]
 [-0.90862911]]",786.0,855.0
634,"[[-0.03510419]
 [ 0.41908482]
 [-0.90726821]]",769.0,870.0
635,"[[-0.03647659]
 [ 0.41132678]
 [-0.91075778]]",757.0,876.0
636,"[[-0.03732101]
 [ 0.41084482]
 [-0.91094109]]",749.0,880.0
637,"[[-0.04197762]
 [ 0.41296986]
 [-0.90977677]]",747.0,884.0
638,"[[-0.04027731]
 [ 0.41389935]
 [-0.90943118]]",744.0,888.0
639,"[[-0.04315085]
 [ 0.41566363]
 [-0.90849422]]",744.0,891.0
640,"[[-0.04030542]
 [ 0.41628408]
 [-0.90834081]]",741.0,892.0
641,"[[-0.03141088]
 [ 0.41849957]
 [-0.90767366]]",734.0,896.0
642,"[[-0.02932606]
 [ 0.41778597]
 [-0.90807206]]",727.0,898.0
643,"[[-0.02856292]
 [ 0.4195727 ]
 [-0.90727223]]",722.0,900.0
644,"[[-0.03030616]
 [ 0.42190364]
 [-0.90613402]]",719.0,903.0
645,"[[-0.03839518]
 [ 0.4126135 ]
 [-0.91009665]]",723.0,899.0
646,"[[-0.03988637]
 [ 0.41035033]
 [-0.91105526]]",726.0,896.0
647,"[[-0.03256058]
 [ 0.41559819]
 [-0.90896532]]",724.0,897.0
648,"[[-0.0381198 ]
 [ 0.41701173]
 [-0.90810137]]",726.0,900.0
649,"[[-0.03665497]
 [ 0.40942259]
 [-0.91160823]]",726.0,896.0
650,"[[-0.03106401]
 [ 0.41359366]
 [-0.90993149]]",723.0,896.0
651,"[[-0.02283799]
 [ 0.4163525 ]
 [-0.9089164 ]]",714.0,897.0
652,"[[-0.02228213]
 [ 0.41341507]
 [-0.91027001]]",707.0,896.0
653,"[[-0.01725126]
 [ 0.41344177]
 [-0.91036712]]",700.0,895.0
654,"[[-0.03363616]
 [ 0.41192687]
 [-0.91059588]]",705.0,893.0
655,"[[-0.02700926]
 [ 0.4102817 ]
 [-0.91155879]]",704.0,891.0
656,"[[-0.02593587]
 [ 0.41361548]
 [-0.91008218]]",703.0,892.0
657,"[[-0.04006931]
 [ 0.41844574]
 [-0.90735749]]",712.0,896.0
658,"[[-0.05021878]
 [ 0.41182891]
 [-0.90987638]]",725.0,894.0
659,"[[-0.03655923]
 [ 0.41355013]
 [-0.90974706]]",726.0,894.0
660,"[[-0.02328459]
 [ 0.41419569]
 [-0.90988997]]",718.0,895.0
661,"[[-0.0377733 ]
 [ 0.41452702]
 [-0.90925273]]",721.0,896.0
662,"[[-0.04640467]
 [ 0.41462173]
 [-0.9088099 ]]",730.0,896.0
663,"[[-0.04903559]
 [ 0.41225378]
 [-0.9097485 ]]",738.0,894.0
664,"[[-0.04934664]
 [ 0.41078323]
 [-0.91039664]]",744.0,892.0
665,"[[-0.04655381]
 [ 0.41588461]
 [-0.90822505]]",747.0,894.0
666,"[[-0.04209764]
 [ 0.41539656]
 [-0.90866577]]",746.0,896.0
667,"[[-0.04661305]
 [ 0.40801859]
 [-0.9117829 ]]",748.0,892.0
668,"[[-0.04274754]
 [ 0.39453112]
 [-0.91788771]]",747.0,878.0
669,"[[-0.05017315]
 [ 0.40487309]
 [-0.91299531]]",752.0,874.0
670,"[[-0.05711399]
 [ 0.4107818 ]
 [-0.90994302]]",760.0,878.0
671,"[[-0.0556198 ]
 [ 0.40967042]
 [-0.91053643]]",765.0,880.0
672,"[[-0.06082631]
 [ 0.40946115]
 [-0.9102976 ]]",773.0,882.0
673,"[[-0.04672589]
 [ 0.40808978]
 [-0.91174526]]",769.0,883.0
674,"[[-0.04628173]
 [ 0.41132134]
 [-0.91031464]]",766.0,886.0
675,"[[-0.04828132]
 [ 0.40762776]
 [-0.91187089]]",765.0,883.0
676,"[[-0.0547587 ]
 [ 0.40772319]
 [-0.91146217]]",769.0,883.0
677,"[[-0.05686642]
 [ 0.40435102]
 [-0.9128343 ]]",773.0,880.0
678,"[[-0.05401063]
 [ 0.40784391]
 [-0.91145279]]",774.0,882.0
679,"[[-0.04651028]
 [ 0.40312655]
 [-0.91396158]]",770.0,878.0
680,"[[-0.05438317]
 [ 0.40228841]
 [-0.91389633]]",772.0,875.0
681,"[[-0.04446346]
 [ 0.4018326 ]
 [-0.91463302]]",767.0,872.0
682,"[[-0.04327318]
 [ 0.40450923]
 [-0.91350956]]",763.0,871.0
683,"[[-0.04681801]
 [ 0.40005023]
 [-0.91529661]]",762.0,867.0
684,"[[-0.05080513]
 [ 0.41121406]
 [-0.91012188]]",764.0,872.0
685,"[[-0.05946553]
 [ 0.41414239]
 [-0.90826754]]",771.0,879.0
686,"[[-0.06209859]
 [ 0.41193345]
 [-0.90909548]]",779.0,882.0
687,"[[-0.06473955]
 [ 0.40854804]
 [-0.91043797]]",786.0,882.0
688,"[[-0.0632713 ]
 [ 0.41030627]
 [-0.90975025]]",790.0,884.0
689,"[[-0.06252988]
 [ 0.40707127]
 [-0.91125353]]",793.0,882.0
690,"[[-0.0602944]
 [ 0.4084059]
 [-0.9108069]]",793.0,882.0
691,"[[-0.05769008]
 [ 0.39914046]
 [-0.91507309]]",791.0,876.0
692,"[[-0.05140472]
 [ 0.39630314]
 [-0.91667954]]",786.0,868.0
693,"[[-0.06097611]
 [ 0.40017575]
 [-0.91440761]]",789.0,866.0
694,"[[-0.04569954]
 [ 0.39762358]
 [-0.91640986]]",780.0,862.0
695,"[[-0.04400312]
 [ 0.40624324]
 [-0.91270485]]",773.0,865.0
696,"[[-0.0366717 ]
 [ 0.39971888]
 [-0.91590393]]",763.0,862.0
697,"[[-0.04278023]
 [ 0.40445898]
 [-0.91355503]]",760.0,865.0
698,"[[-0.04360058]
 [ 0.40463151]
 [-0.91343983]]",758.0,867.0
699,"[[-0.05628841]
 [ 0.40023993]
 [-0.91468006]]",765.0,865.0
700,"[[-0.05529417]
 [ 0.39963142]
 [-0.91500671]]",770.0,863.0
701,"[[-0.03375671]
 [ 0.39651811]
 [-0.91740606]]",759.0,859.0
702,"[[-0.02698422]
 [ 0.39965561]
 [-0.91626811]]",746.0,856.0
703,"[[-0.02488358]
 [ 0.40202348]
 [-0.91529117]]",736.0,858.0
704,"[[-0.02227441]
 [ 0.40280709]
 [-0.91501382]]",726.0,858.0
705,"[[-0.02440214]
 [ 0.40372194]
 [-0.91455625]]",720.0,859.0
706,"[[-0.03034091]
 [ 0.40338686]
 [-0.91452636]]",720.0,859.0
707,"[[-0.02693757]
 [ 0.40808473]
 [-0.91254656]]",718.0,865.0
708,"[[-0.01482343]
 [ 0.40741228]
 [-0.91312403]]",709.0,868.0
709,"[[-0.00722083]
 [ 0.40101487]
 [-0.91604309]]",696.0,865.0
710,"[[-0.00725223]
 [ 0.40520994]
 [-0.9141949 ]]",688.0,868.0
711,"[[-0.02056846]
 [ 0.40537758]
 [-0.91391792]]",691.0,870.0
712,"[[-0.01961203]
 [ 0.40287901]
 [-0.9150431 ]]",692.0,868.0
713,"[[-0.01874623]
 [ 0.39977824]
 [-0.91642018]]",693.0,865.0
714,"[[-0.00776633]
 [ 0.40329537]
 [-0.9150369 ]]",685.0,864.0
715,"[[-0.01777879]
 [ 0.40544439]
 [-0.91394681]]",686.0,866.0
716,"[[-0.01789259]
 [ 0.40400595]
 [-0.91458135]]",687.0,867.0
717,"[[-0.00984811]
 [ 0.40239092]
 [-0.91541497]]",682.0,866.0
718,"[[-0.02753543]
 [ 0.40524224]
 [-0.91379458]]",690.0,868.0
719,"[[-0.02623177]
 [ 0.40655146]
 [-0.91325123]]",695.0,870.0
720,"[[-0.02505551]
 [ 0.40472281]
 [-0.91409609]]",699.0,870.0
721,"[[-0.04363818]
 [ 0.41521882]
 [-0.90867433]]",714.0,879.0
722,"[[-0.02043794]
 [ 0.41648796]
 [-0.90891148]]",709.0,884.0
723,"[[-0.03400177]
 [ 0.4022374 ]
 [-0.9149038 ]]",715.0,877.0
724,"[[-0.02951673]
 [ 0.3760107 ]
 [-0.92614508]]",715.0,851.0
725,"[[-0.0302619 ]
 [ 0.36297155]
 [-0.93130869]]",716.0,822.0
726,"[[-0.04013802]
 [ 0.32709496]
 [-0.94413867]]",723.0,774.0
727,"[[-0.02971543]
 [ 0.33432283]
 [-0.94199004]]",721.0,744.0
728,"[[-0.0332132 ]
 [ 0.33025284]
 [-0.94330798]]",722.0,719.0
729,"[[-0.02657249]
 [ 0.33586765]
 [-0.94153429]]",718.0,704.0
730,"[[-0.0212721 ]
 [ 0.33767662]
 [-0.94102179]]",712.0,695.0
731,"[[-0.03786681]
 [ 0.33283805]
 [-0.9422234 ]]",718.0,686.0
732,"[[-0.03009202]
 [ 0.3305995 ]
 [-0.94329128]]",718.0,676.0
733,"[[-0.03604817]
 [ 0.33471824]
 [-0.9416285 ]]",722.0,672.0
734,"[[-0.03298369]
 [ 0.33532803]
 [-0.94152387]]",722.0,669.0
735,"[[-0.04205059]
 [ 0.32377611]
 [-0.9451988 ]]",728.0,660.0
736,"[[-0.04615657]
 [ 0.32423774]
 [-0.94484891]]",735.0,654.0
737,"[[-0.04410907]
 [ 0.32405978]
 [-0.94500775]]",739.0,650.0
738,"[[-0.04106532]
 [ 0.32254559]
 [-0.94566272]]",740.0,646.0
739,"[[-0.03137034]
 [ 0.33173613]
 [-0.94285049]]",734.0,649.0
740,"[[-0.03550039]
 [ 0.32955067]
 [-0.94347023]]",733.0,649.0
741,"[[-0.03177403]
 [ 0.32166609]
 [-0.94631989]]",730.0,643.0
742,"[[-0.03501022]
 [ 0.32361251]
 [-0.94554176]]",730.0,641.0
743,"[[-0.03149827]
 [ 0.32276869]
 [-0.94595361]]",728.0,637.0
744,"[[-0.02528921]
 [ 0.32707439]
 [-0.94466015]]",722.0,637.0
745,"[[-0.04616254]
 [ 0.30934062]
 [-0.9498302 ]]",730.0,625.0
746,"[[-0.03661162]
 [ 0.31187547]
 [-0.94941734]]",730.0,618.0
747,"[[-0.0340813 ]
 [ 0.31664983]
 [-0.94793003]]",728.0,616.0
748,"[[-0.03276412]
 [ 0.31593559]
 [-0.94821475]]",726.0,614.0
749,"[[-0.02910936]
 [ 0.31001675]
 [-0.95028536]]",722.0,609.0
750,"[[-0.02699504]
 [ 0.30947207]
 [-0.95052528]]",718.0,604.0
751,"[[-0.02684903]
 [ 0.29896493]
 [-0.95388631]]",715.0,594.0
752,"[[-0.02890611]
 [ 0.2999205 ]
 [-0.95352616]]",714.0,587.0
753,"[[-0.03097002]
 [ 0.30354739]
 [-0.95231289]]",714.0,584.0
754,"[[-0.02971447]
 [ 0.31030423]
 [-0.95017279]]",714.0,587.0
755,"[[-0.0318492 ]
 [ 0.30985586]
 [-0.95024995]]",715.0,589.0
756,"[[-0.03449475]
 [ 0.30826691]
 [-0.9506743 ]]",718.0,589.0
757,"[[-0.02847637]
 [ 0.3127739 ]
 [-0.94940065]]",717.0,592.0
758,"[[-0.02774633]
 [ 0.31288121]
 [-0.9493869 ]]",715.0,594.0
759,"[[-0.02137455]
 [ 0.31381987]
 [-0.94924192]]",710.0,597.0
760,"[[-0.02217736]
 [ 0.30855833]
 [-0.95094686]]",706.0,595.0
761,"[[-0.03727543]
 [ 0.30123173]
 [-0.95282212]]",713.0,589.0
762,"[[-0.03813123]
 [ 0.3020196 ]
 [-0.9525388 ]]",719.0,585.0
763,"[[-0.03503542]
 [ 0.30256347]
 [-0.9524851 ]]",722.0,583.0
764,"[[-0.03974286]
 [ 0.3051517 ]
 [-0.95147409]]",727.0,585.0
765,"[[-0.03085996]
 [ 0.30956854]
 [-0.95037623]]",725.0,588.0
766,"[[-0.03168744]
 [ 0.31219999]
 [-0.94948779]]",724.0,593.0
767,"[[-0.02997953]
 [ 0.31159446]
 [-0.94974213]]",722.0,596.0
768,"[[-0.02405362]
 [ 0.31314373]
 [-0.94940109]]",717.0,599.0
769,"[[-0.02768322]
 [ 0.30614084]
 [-0.95158364]]",716.0,596.0
770,"[[-0.03628252]
 [ 0.31368404]
 [-0.94883397]]",720.0,600.0
771,"[[-0.02621644]
 [ 0.30321249]
 [-0.95256227]]",717.0,597.0
772,"[[-0.01347523]
 [ 0.11907915]
 [-0.99279332]]",706.0,476.0
773,"[[-0.09064792]
 [ 0.13004875]
 [-0.98735519]]",745.0,396.0
774,"[[-0.13995131]
 [ 0.08598773]
 [-0.98641763]]",804.0,311.0
775,"[[-0.01945856]
 [ 0.27770865]
 [-0.96046826]]",774.0,370.0
776,"[[-0.00991513]
 [ 0.31437455]
 [-0.94924725]]",745.0,436.0
777,"[[-0.00771049]
 [ 0.30527641]
 [-0.95223257]]",723.0,478.0
778,"[[-0.01396282]
 [ 0.31382581]
 [-0.9493779 ]]",711.0,512.0
779,"[[-0.03438294]
 [ 0.31173244]
 [-0.94954763]]",715.0,536.0
780,"[[-0.02164923]
 [ 0.32673318]
 [-0.94486864]]",709.0,564.0
781,"[[-0.02144405]
 [ 0.32437273]
 [-0.94568625]]",706.0,583.0
782,"[[-0.02357335]
 [ 0.3199531 ]
 [-0.94714007]]",704.0,595.0
783,"[[-0.01939539]
 [ 0.30914574]
 [-0.95081688]]",701.0,596.0
784,"[[-0.02004742]
 [ 0.30888445]
 [-0.95088827]]",698.0,597.0
785,"[[-0.03818801]
 [ 0.30495217]
 [-0.95160173]]",708.0,595.0
786,"[[-0.02626429]
 [ 0.30787633]
 [-0.9510638 ]]",708.0,596.0
787,"[[-0.04014063]
 [ 0.30389706]
 [-0.95185887]]",716.0,593.0
788,"[[-0.03715653]
 [ 0.30847455]
 [-0.95050663]]",720.0,594.0
789,"[[-0.0304899 ]
 [ 0.29890494]
 [-0.95379568]]",718.0,588.0
790,"[[-0.03059674]
 [ 0.29643989]
 [-0.95456128]]",718.0,582.0
791,"[[-0.03533239]
 [ 0.30033459]
 [-0.95317929]]",720.0,580.0
792,"[[-0.03542971]
 [ 0.30139117]
 [-0.95284212]]",721.0,580.0
793,"[[-0.04445446]
 [ 0.30923916]
 [-0.94994471]]",728.0,586.0
794,"[[-0.04179482]
 [ 0.30812453]
 [-0.95042752]]",731.0,589.0
795,"[[-0.04228771]
 [ 0.30640514]
 [-0.95096143]]",733.0,590.0
796,"[[-0.0399858 ]
 [ 0.30880551]
 [-0.95028432]]",734.0,592.0
797,"[[-0.0370901 ]
 [ 0.30734919]
 [-0.9508737 ]]",732.0,592.0
798,"[[-0.03890464]
 [ 0.31063992]
 [-0.94973116]]",732.0,593.0
799,"[[-0.0319086 ]
 [ 0.30748088]
 [-0.95101911]]",727.0,593.0
800,"[[-0.03594925]
 [ 0.30940437]
 [-0.9502508 ]]",727.0,594.0
801,"[[-0.01432295]
 [ 0.32163658]
 [-0.94675486]]",713.0,603.0
802,"[[-0.00712397]
 [ 0.31735497]
 [-0.94828006]]",699.0,607.0
803,"[[-0.01091204]
 [ 0.31638781]
 [-0.94856717]]",691.0,609.0
804,"[[-0.01554531]
 [ 0.31784945]
 [-0.94801375]]",688.0,611.0
805,"[[-0.03005662]
 [ 0.30768467]
 [-0.95101353]]",695.0,607.0
806,"[[-0.02825597]
 [ 0.31213309]
 [-0.9496181 ]]",699.0,607.0
807,"[[-0.03325153]
 [ 0.31115702]
 [-0.94977663]]",705.0,607.0
808,"[[-0.02748873]
 [ 0.30739313]
 [-0.95118549]]",706.0,603.0
809,"[[-0.02847958]
 [ 0.30552466]
 [-0.95175816]]",707.0,598.0
810,"[[-0.03743   ]
 [ 0.30278476]
 [-0.95232368]]",713.0,594.0
811,"[[-0.04262175]
 [ 0.30294027]
 [-0.95205597]]",721.0,590.0
812,"[[-0.04239972]
 [ 0.30405487]
 [-0.95171051]]",727.0,588.0
813,"[[-0.02184108]
 [ 0.31013487]
 [-0.95044165]]",719.0,590.0
814,"[[-0.02049432]
 [ 0.30763367]
 [-0.95128414]]",711.0,589.0
815,"[[-0.02510007]
 [ 0.30570512]
 [-0.95179534]]",709.0,588.0
816,"[[-0.02531553]
 [ 0.3066135 ]
 [-0.95149739]]",708.0,587.0
817,"[[-0.03006166]
 [ 0.31730492]
 [-0.94784697]]",710.0,595.0
818,"[[-0.03685181]
 [ 0.31095111]
 [-0.94971119]]",716.0,596.0
819,"[[-0.03845342]
 [ 0.30725229]
 [-0.95085086]]",721.0,594.0
820,"[[-0.04285702]
 [ 0.30911285]
 [-0.95005922]]",728.0,593.0
821,"[[-0.03235134]
 [ 0.30986511]
 [-0.95022997]]",726.0,595.0
822,"[[-0.07358315]
 [ 0.3154719 ]
 [-0.94607769]]",751.0,601.0
823,"[[-0.18970957]
 [ 0.32631887]
 [-0.92602715]]",845.0,618.0
824,"[[-0.24744819]
 [ 0.31560952]
 [-0.91605678]]",953.0,625.0
825,"[[-0.30243684]
 [ 0.31492339]
 [-0.89964172]]",1071.0,633.0
826,"[[-0.30505921]
 [ 0.31723312]
 [-0.89794322]]",1161.0,643.0
827,"[[-0.32000113]
 [ 0.32999948]
 [-0.88808762]]",1238.0,661.0
828,"[[-0.32488298]
 [ 0.32639236]
 [-0.88764806]]",1298.0,671.0
829,"[[-0.3423861 ]
 [ 0.33375631]
 [-0.87828155]]",1355.0,686.0
830,"[[-0.3424051 ]
 [ 0.33063512]
 [-0.87945391]]",1398.0,694.0
831,"[[-0.33922418]
 [ 0.33477072]
 [-0.87912202]]",1427.0,704.0
832,"[[-0.33496263]
 [ 0.33994168]
 [-0.87877169]]",1444.0,713.0
833,"[[-0.34226283]
 [ 0.33792708]
 [-0.87673339]]",1464.0,721.0
834,"[[-0.34100748]
 [ 0.33469937]
 [-0.87845901]]",1478.0,724.0
835,"[[-0.35675909]
 [ 0.33166564]
 [-0.87333891]]",1500.0,725.0
836,"[[-0.34966451]
 [ 0.32994873]
 [-0.87685151]]",1512.0,724.0
837,"[[-0.34756521]
 [ 0.33003391]
 [-0.87765371]]",1518.0,722.0
838,"[[-0.35321008]
 [ 0.32616464]
 [-0.87684621]]",1526.0,718.0
839,"[[-0.36186558]
 [ 0.32578277]
 [-0.87345228]]",1539.0,715.0
840,"[[-0.35572636]
 [ 0.32869745]
 [-0.87488099]]",1545.0,716.0
841,"[[-0.37107018]
 [ 0.34303496]
 [-0.86292175]]",1563.0,729.0
842,"[[-0.37006529]
 [ 0.34368711]
 [-0.86309377]]",1576.0,740.0
843,"[[-0.37326751]
 [ 0.34586195]
 [-0.86084312]]",1587.0,748.0
844,"[[-0.37911798]
 [ 0.34916401]
 [-0.8569446 ]]",1600.0,757.0
845,"[[-0.36028174]
 [ 0.36844281]
 [-0.85699881]]",1598.0,779.0
846,"[[-0.26482737]
 [ 0.3084025 ]
 [-0.91364893]]",1520.0,742.0
847,"[[-0.2365378 ]
 [ 0.11273995]
 [-0.96505936]]",1438.0,581.0
848,"[[-0.24339075]
 [ 0.14388283]
 [-0.95919689]]",1383.0,485.0
849,"[[-0.2874498 ]
 [ 0.14304086]
 [-0.94705434]]",1373.0,416.0
850,"[[-0.32370057]
 [ 0.18376986]
 [-0.92814147]]",1394.0,394.0
851,"[[-0.32527781]
 [ 0.28067043]
 [-0.90300523]]",1413.0,444.0
852,"[[-0.33100529]
 [ 0.29546379]
 [-0.89617892]]",1432.0,492.0
853,"[[-0.32546637]
 [ 0.33675354]
 [-0.88355458]]",1444.0,557.0
854,"[[-0.34321023]
 [ 0.32734362]
 [-0.88037088]]",1465.0,597.0
855,"[[-0.34569942]
 [ 0.33971536]
 [-0.87469159]]",1482.0,635.0
856,"[[-0.35165368]
 [ 0.33987142]
 [-0.87225404]]",1499.0,664.0
857,"[[-0.35103312]
 [ 0.33448585]
 [-0.87458274]]",1510.0,681.0
858,"[[-0.34962011]
 [ 0.33562565]
 [-0.87471207]]",1518.0,694.0
859,"[[-0.36041136]
 [ 0.3385641 ]
 [-0.86918237]]",1533.0,708.0
860,"[[-0.36146045]
 [ 0.33851328]
 [-0.86876643]]",1545.0,718.0
861,"[[-0.35956127]
 [ 0.33658443]
 [-0.8703026 ]]",1553.0,724.0
862,"[[-0.35019427]
 [ 0.33045651]
 [-0.87644878]]",1550.0,722.0
863,"[[-0.35067651]
 [ 0.32833451]
 [-0.87705327]]",1548.0,719.0
864,"[[-0.35547007]
 [ 0.33249334]
 [-0.87354977]]",1550.0,721.0
865,"[[-0.35795544]
 [ 0.33846281]
 [-0.87023608]]",1555.0,726.0
866,"[[-0.35932111]
 [ 0.33537886]
 [-0.87086702]]",1560.0,729.0
867,"[[-0.35646946]
 [ 0.33406472]
 [-0.87254242]]",1563.0,731.0
868,"[[-0.36443785]
 [ 0.3325255 ]
 [-0.86983438]]",1572.0,733.0
869,"[[-0.36151252]
 [ 0.33431376]
 [-0.87036947]]",1578.0,736.0
870,"[[-0.36070638]
 [ 0.33405633]
 [-0.87080266]]",1582.0,738.0
871,"[[-0.35965281]
 [ 0.33026312]
 [-0.87268329]]",1583.0,737.0
872,"[[-0.35921649]
 [ 0.32978951]
 [-0.87304203]]",1584.0,735.0
873,"[[-0.35965536]
 [ 0.3306457 ]
 [-0.87253736]]",1585.0,735.0
874,"[[-0.36677078]
 [ 0.3304223 ]
 [-0.86965528]]",1592.0,735.0
875,"[[-0.36623862]
 [ 0.33430543]
 [-0.86839458]]",1597.0,739.0
876,"[[-0.36033311]
 [ 0.33578068]
 [-0.87029385]]",1596.0,742.0
877,"[[-0.36594046]
 [ 0.33682178]
 [-0.8675475 ]]",1600.0,747.0
878,"[[-0.37674453]
 [ 0.33696601]
 [-0.86285426]]",1611.0,751.0
879,"[[-0.37958782]
 [ 0.33993213]
 [-0.8604413 ]]",1621.0,755.0
880,"[[-0.37499128]
 [ 0.34453629]
 [-0.86062552]]",1625.0,762.0
881,"[[-0.36526635]
 [ 0.34216763]
 [-0.86573772]]",1620.0,764.0
882,"[[-0.36390392]
 [ 0.34092656]
 [-0.86680045]]",1615.0,764.0
883,"[[-0.36232237]
 [ 0.33656101]
 [-0.8691658 ]]",1609.0,760.0
884,"[[-0.35956316]
 [ 0.33689955]
 [-0.87017988]]",1604.0,758.0
885,"[[-0.36545615]
 [ 0.33139497]
 [-0.86983859]]",1603.0,751.0
886,"[[-0.36873196]
 [ 0.33087481]
 [-0.86865333]]",1605.0,746.0
887,"[[-0.37091011]
 [ 0.33104966]
 [-0.86765881]]",1608.0,742.0
888,"[[-0.36743608]
 [ 0.33080529]
 [-0.86922873]]",1606.0,739.0
889,"[[-0.36960649]
 [ 0.33954278]
 [-0.86492875]]",1608.0,744.0
890,"[[-0.36901073]
 [ 0.33838268]
 [-0.86563748]]",1610.0,748.0
891,"[[-0.37049269]
 [ 0.33714619]
 [-0.86548692]]",1612.0,750.0
892,"[[-0.37029206]
 [ 0.33569853]
 [-0.86613526]]",1614.0,751.0
893,"[[-0.36830383]
 [ 0.33709251]
 [-0.86644153]]",1614.0,752.0
894,"[[-0.36808133]
 [ 0.32930131]
 [-0.86952676]]",1612.0,747.0
895,"[[-0.37296973]
 [ 0.33372613]
 [-0.86574849]]",1614.0,746.0
896,"[[-0.37689122]
 [ 0.33676758]
 [-0.86286766]]",1617.0,747.0
897,"[[-0.38153882]
 [ 0.33803113]
 [-0.86032731]]",1623.0,748.0
898,"[[-0.38038809]
 [ 0.33766785]
 [-0.86097928]]",1625.0,749.0
899,"[[-0.36903512]
 [ 0.33469635]
 [-0.86705907]]",1619.0,748.0
900,"[[-0.37093143]
 [ 0.33560709]
 [-0.86589708]]",1615.0,747.0
901,"[[-0.36929955]
 [ 0.33724247]
 [-0.86595921]]",1612.0,748.0
902,"[[-0.36968047]
 [ 0.33521259]
 [-0.8665846 ]]",1611.0,748.0
903,"[[-0.37485961]
 [ 0.33699007]
 [-0.86366542]]",1615.0,749.0
904,"[[-0.36943962]
 [ 0.3424164 ]
 [-0.86386653]]",1614.0,754.0
905,"[[-0.36311752]
 [ 0.3439385 ]
 [-0.86593994]]",1608.0,759.0
906,"[[-0.37800009]
 [ 0.34292695]
 [-0.85995177]]",1615.0,762.0
907,"[[-0.36565736]
 [ 0.3429815 ]
 [-0.86525048]]",1611.0,764.0
908,"[[-0.37690859]
 [ 0.34102108]
 [-0.86118786]]",1615.0,763.0
909,"[[-0.37657814]
 [ 0.33745231]
 [-0.86273684]]",1617.0,759.0
910,"[[-0.37643907]
 [ 0.3387886 ]
 [-0.86227369]]",1619.0,758.0
911,"[[-0.37437433]
 [ 0.3357305 ]
 [-0.86436618]]",1619.0,755.0
912,"[[-0.37766821]
 [ 0.33782209]
 [-0.86211539]]",1620.0,754.0
913,"[[-0.36630327]
 [ 0.33847822]
 [-0.86674934]]",1612.0,752.0
914,"[[-0.36323914]
 [ 0.33495968]
 [-0.86940172]]",1604.0,748.0
915,"[[-0.37670376]
 [ 0.34117106]
 [-0.86121809]]",1610.0,752.0
916,"[[-0.36956178]
 [ 0.33965914]
 [-0.86490217]]",1610.0,754.0
917,"[[-0.36226544]
 [ 0.34280083]
 [-0.86674757]]",1603.0,757.0
918,"[[-0.36538108]
 [ 0.34227946]
 [-0.8656451 ]]",1602.0,759.0
919,"[[-0.37169678]
 [ 0.34120816]
 [-0.86337622]]",1606.0,761.0
920,"[[-0.36447822]
 [ 0.34223988]
 [-0.86604128]]",1603.0,762.0
921,"[[-0.36122014]
 [ 0.33728277]
 [-0.86934478]]",1597.0,757.0
922,"[[-0.3270053 ]
 [ 0.33366689]
 [-0.88415719]]",1565.0,747.0
923,"[[-0.17513694]
 [ 0.36042046]
 [-0.91620093]]",1435.0,749.0
924,"[[-0.05744557]
 [ 0.35108332]
 [-0.93458039]]",1262.0,741.0
925,"[[ 0.03720685]
 [ 0.33978344]
 [-0.93976745]]",1076.0,726.0
926,"[[ 0.04888616]
 [ 0.33353524]
 [-0.94146927]]",932.0,712.0
927,"[[ 0.07766326]
 [ 0.35589375]
 [-0.93129376]]",808.0,717.0
928,"[[ 0.07614756]
 [ 0.35564665]
 [-0.93151329]]",718.0,719.0
929,"[[ 0.08742112]
 [ 0.3592709 ]
 [-0.92912968]]",646.0,723.0
930,"[[ 0.08246685]
 [ 0.35750964]
 [-0.9302613 ]]",597.0,724.0
931,"[[ 0.09494792]
 [ 0.35996219]
 [-0.9281229 ]]",553.0,727.0
932,"[[ 0.09468733]
 [ 0.35799303]
 [-0.92891081]]",521.0,727.0
933,"[[ 0.09934718]
 [ 0.35085134]
 [-0.93114632]]",496.0,722.0
934,"[[ 0.09137875]
 [ 0.34506776]
 [-0.93411893]]",482.0,715.0
935,"[[ 0.08716034]
 [ 0.34693186]
 [-0.93383155]]",475.0,710.0
936,"[[ 0.08801117]
 [ 0.34253541]
 [-0.93537347]]",469.0,704.0
937,"[[ 0.09533719]
 [ 0.35488137]
 [-0.93003765]]",459.0,709.0
938,"[[ 0.09222476]
 [ 0.35703365]
 [-0.9295276 ]]",454.0,713.0
939,"[[ 0.08929737]
 [ 0.36261161]
 [-0.9276523 ]]",452.0,721.0
940,"[[ 0.08982692]
 [ 0.35952577]
 [-0.92880156]]",450.0,724.0
941,"[[ 0.09037643]
 [ 0.35636681]
 [-0.92996494]]",449.0,724.0
942,"[[ 0.08928251]
 [ 0.35691098]
 [-0.92986192]]",448.0,725.0
943,"[[ 0.07927949]
 [ 0.35906975]
 [-0.92993746]]",455.0,727.0
944,"[[ 0.07260409]
 [ 0.34616277]
 [-0.93536088]]",464.0,720.0
945,"[[ 0.07335758]
 [ 0.34991204]
 [-0.9339059 ]]",470.0,718.0
946,"[[ 0.07771123]
 [ 0.3519586 ]
 [-0.93278406]]",471.0,716.0
947,"[[ 0.07595117]
 [ 0.35437331]
 [-0.93201447]]",473.0,717.0
948,"[[ 0.08063417]
 [ 0.35903828]
 [-0.92983313]]",472.0,720.0
949,"[[ 0.07920256]
 [ 0.34797718]
 [-0.9341514 ]]",472.0,713.0
950,"[[ 0.08738054]
 [ 0.35117834]
 [-0.9322223 ]]",467.0,711.0
951,"[[ 0.07670179]
 [ 0.3452393 ]
 [-0.93537514]]",470.0,705.0
952,"[[ 0.07903935]
 [ 0.34587867]
 [-0.93494424]]",470.0,701.0
953,"[[ 0.07907858]
 [ 0.34890841]
 [-0.93381449]]",470.0,699.0
954,"[[ 0.08169311]
 [ 0.34896825]
 [-0.93356703]]",469.0,699.0
955,"[[ 0.08048003]
 [ 0.35308008]
 [-0.93212522]]",468.0,703.0
956,"[[ 0.07924541]
 [ 0.35166572]
 [-0.93276545]]",469.0,703.0
957,"[[ 0.0754141 ]
 [ 0.34956898]
 [-0.93387057]]",472.0,702.0
958,"[[ 0.08776519]
 [ 0.34852881]
 [-0.93318001]]",466.0,702.0
959,"[[ 0.08497334]
 [ 0.35860519]
 [-0.92961382]]",464.0,709.0
960,"[[ 0.08533963]
 [ 0.35563001]
 [-0.93072254]]",462.0,712.0
961,"[[ 0.0750642 ]
 [ 0.33040026]
 [-0.94085123]]",467.0,699.0
962,"[[ 0.06279665]
 [ 0.35902195]
 [-0.93121416]]",478.0,712.0
963,"[[ 0.0683525 ]
 [ 0.34714823]
 [-0.93531601]]",483.0,714.0
964,"[[ 0.07364942]
 [ 0.33238611]
 [-0.94026339]]",484.0,704.0
965,"[[ 0.08154993]
 [ 0.35031033]
 [-0.93307678]]",480.0,708.0
966,"[[ 0.08467921]
 [ 0.35788396]
 [-0.92991855]]",474.0,716.0
967,"[[ 0.0797861 ]
 [ 0.35655463]
 [-0.93086142]]",473.0,721.0
968,"[[ 0.07820856]
 [ 0.36190955]
 [-0.92892674]]",473.0,728.0
969,"[[ 0.09462635]
 [ 0.36331905]
 [-0.92684687]]",463.0,734.0
970,"[[ 0.09598627]
 [ 0.36299965]
 [-0.92683218]]",454.0,738.0
971,"[[ 0.08769733]
 [ 0.36165298]
 [-0.92817903]]",454.0,739.0
972,"[[ 0.09056717]
 [ 0.36041523]
 [-0.92838486]]",451.0,741.0
973,"[[ 0.09088471]
 [ 0.35222553]
 [-0.93149189]]",449.0,735.0
974,"[[ 0.08745388]
 [ 0.35825633]
 [-0.92951827]]",450.0,736.0
975,"[[ 0.0620372 ]
 [ 0.24581091]
 [-0.96733055]]",468.0,660.0
976,"[[-0.06997887]
 [ 0.20990823]
 [-0.97521356]]",563.0,582.0
977,"[[-0.05662734]
 [ 0.13958021]
 [-0.98859026]]",624.0,480.0
978,"[[-0.02949469]
 [ 0.21213175]
 [-0.97679588]]",652.0,452.0
979,"[[ 0.0387454 ]
 [ 0.27998094]
 [-0.95922337]]",629.0,477.0
980,"[[ 0.07083926]
 [ 0.32650559]
 [-0.94253695]]",591.0,527.0
981,"[[ 0.1119597 ]
 [ 0.35132685]
 [-0.92953454]]",536.0,581.0
982,"[[ 0.11546296]
 [ 0.3412666 ]
 [-0.93284801]]",495.0,613.0
983,"[[ 0.11340986]
 [ 0.35600463]
 [-0.9275769 ]]",466.0,646.0
984,"[[ 0.12476647]
 [ 0.35444346]
 [-0.92671633]]",437.0,669.0
985,"[[ 0.11014718]
 [ 0.3482388 ]
 [-0.9309121 ]]",426.0,679.0
986,"[[ 0.10599262]
 [ 0.34545507]
 [-0.93243035]]",421.0,685.0
987,"[[ 0.09095159]
 [ 0.3437842 ]
 [-0.93463374]]",427.0,687.0
988,"[[ 0.0946872 ]
 [ 0.34071811]
 [-0.93538522]]",430.0,686.0
989,"[[ 0.09717788]
 [ 0.34091134]
 [-0.93505931]]",430.0,684.0
990,"[[ 0.08611714]
 [ 0.35059652]
 [-0.9325588 ]]",437.0,690.0
991,"[[ 0.08843671]
 [ 0.35702868]
 [-0.92989756]]",440.0,699.0
992,"[[ 0.09035847]
 [ 0.35623438]
 [-0.93001743]]",442.0,706.0
993,"[[ 0.08778217]
 [ 0.35528361]
 [-0.93062766]]",444.0,709.0
994,"[[ 0.0853039 ]
 [ 0.35394743]
 [-0.93136699]]",448.0,710.0
995,"[[ 0.09257397]
 [ 0.35689404]
 [-0.92954651]]",446.0,712.0
996,"[[ 0.0920235 ]
 [ 0.35602455]
 [-0.92993451]]",446.0,714.0
997,"[[ 0.09994226]
 [ 0.34765033]
 [-0.93228257]]",440.0,710.0
998,"[[ 0.10467218]
 [ 0.35089414]
 [-0.93054663]]",433.0,711.0
999,"[[ 0.10144389]
 [ 0.34545944]
 [-0.93293457]]",429.0,708.0
1000,"[[ 0.1031923 ]
 [ 0.34637281]
 [-0.932404  ]]",426.0,707.0
1001,"[[ 0.09530789]
 [ 0.34538317]
 [-0.93360959]]",429.0,705.0
1002,"[[ 0.09720334]
 [ 0.3414031 ]
 [-0.93487723]]",429.0,700.0
1003,"[[ 0.09535032]
 [ 0.33895913]
 [-0.93595674]]",432.0,693.0
1004,"[[ 0.09163822]
 [ 0.3456883 ]
 [-0.93386404]]",436.0,692.0
1005,"[[ 0.08719972]
 [ 0.34039289]
 [-0.93623122]]",442.0,687.0
1006,"[[ 0.09532764]
 [ 0.34566014]
 [-0.93350507]]",440.0,689.0
1007,"[[ 0.08367615]
 [ 0.35216885]
 [-0.9321885 ]]",446.0,694.0
1008,"[[ 0.08566965]
 [ 0.34880277]
 [-0.93327238]]",450.0,695.0
1009,"[[ 0.07992216]
 [ 0.33851288]
 [-0.93756145]]",456.0,690.0
1010,"[[ 0.08187971]
 [ 0.34012755]
 [-0.93680786]]",459.0,686.0
1011,"[[ 0.09530742]
 [ 0.34020225]
 [-0.93550998]]",454.0,683.0
1012,"[[ 0.09466487]
 [ 0.33625754]
 [-0.93700023]]",450.0,678.0
1013,"[[ 0.09173906]
 [ 0.33842032]
 [-0.93651248]]",449.0,675.0
1014,"[[ 0.08338043]
 [ 0.33304873]
 [-0.93921576]]",454.0,670.0
1015,"[[ 0.07093139]
 [ 0.33218918]
 [-0.94054191]]",466.0,665.0
1016,"[[ 0.07523612]
 [ 0.33883177]
 [-0.93783397]]",471.0,667.0
1017,"[[ 0.08551597]
 [ 0.34318545]
 [-0.93536665]]",468.0,672.0
1018,"[[ 0.08833091]
 [ 0.34373514]
 [-0.9349031 ]]",464.0,677.0
1019,"[[ 0.09192608]
 [ 0.34618833]
 [-0.93365049]]",459.0,682.0
1020,"[[ 0.08931179]
 [ 0.34546557]
 [-0.9341718 ]]",456.0,687.0
1021,"[[ 0.09610078]
 [ 0.34536067]
 [-0.93353663]]",449.0,690.0
1022,"[[ 0.09685239]
 [ 0.34730115]
 [-0.93273872]]",444.0,694.0
1023,"[[ 0.1006252 ]
 [ 0.34511411]
 [-0.93315102]]",439.0,695.0
1024,"[[ 0.10014204]
 [ 0.34241451]
 [-0.93419691]]",435.0,694.0
1025,"[[ 0.09480794]
 [ 0.34672089]
 [-0.93316455]]",436.0,695.0
1026,"[[ 0.09468265]
 [ 0.34481783]
 [-0.93388214]]",436.0,695.0
1027,"[[ 0.09598432]
 [ 0.34420253]
 [-0.93397624]]",436.0,695.0
1028,"[[ 0.08057415]
 [ 0.34109264]
 [-0.93657013]]",445.0,692.0
1029,"[[ 0.01456996]
 [ 0.30269065]
 [-0.95297749]]",494.0,661.0
1030,"[[-0.06982396]
 [ 0.28703773]
 [-0.95537111]]",581.0,628.0
1031,"[[-0.1232704 ]
 [ 0.26725618]
 [-0.9557084 ]]",678.0,592.0
1032,"[[-0.13285018]
 [ 0.2736074 ]
 [-0.9526226 ]]",755.0,570.0
1033,"[[-0.13786878]
 [ 0.24787763]
 [-0.95893111]]",813.0,537.0
1034,"[[-0.14154041]
 [ 0.24495071]
 [-0.9591483 ]]",858.0,510.0
1035,"[[-0.14846443]
 [ 0.23817707]
 [-0.95980727]]",895.0,486.0
1036,"[[-0.14604798]
 [ 0.24043558]
 [-0.95961488]]",921.0,469.0
1037,"[[-0.14562956]
 [ 0.23649072]
 [-0.9606582 ]]",939.0,454.0
1038,"[[-0.1420643 ]
 [ 0.2362943 ]
 [-0.96124021]]",950.0,443.0
1039,"[[-0.13734022]
 [ 0.24516548]
 [-0.95970389]]",955.0,441.0
1040,"[[-0.14550154]
 [ 0.24842397]
 [-0.95766112]]",963.0,440.0
1041,"[[-0.14588106]
 [ 0.24819245]
 [-0.95766342]]",970.0,441.0
1042,"[[-0.14803889]
 [ 0.24837388]
 [-0.95728517]]",977.0,442.0
1043,"[[-0.14472782]
 [ 0.24902782]
 [-0.95762153]]",979.0,442.0
1044,"[[-0.13745667]
 [ 0.24892176]
 [-0.95871978]]",977.0,444.0
1045,"[[-0.14630153]
 [ 0.24648037]
 [-0.95804138]]",981.0,443.0
1046,"[[-0.15055531]
 [ 0.24099472]
 [-0.95877768]]",986.0,439.0
1047,"[[-0.14467043]
 [ 0.24093154]
 [-0.95969915]]",987.0,435.0
1048,"[[-0.15560022]
 [ 0.22811943]
 [-0.96111919]]",993.0,424.0
1049,"[[-0.13111559]
 [ 0.23648979]
 [-0.96274674]]",983.0,420.0
1050,"[[-0.14672261]
 [ 0.2396744 ]
 [-0.95970238]]",985.0,418.0
1051,"[[-0.14324778]
 [ 0.23010633]
 [-0.96256488]]",985.0,410.0
1052,"[[-0.14513504]
 [ 0.22587122]
 [-0.96328501]]",986.0,402.0
1053,"[[-0.14407877]
 [ 0.24947242]
 [-0.95760369]]",986.0,409.0
1054,"[[-0.14479632]
 [ 0.25433193]
 [-0.95621613]]",988.0,418.0
1055,"[[-0.1407488 ]
 [ 0.25244899]
 [-0.9573188 ]]",985.0,421.0
1056,"[[-0.14380912]
 [ 0.25746526]
 [-0.95552634]]",986.0,427.0
1057,"[[-0.14101033]
 [ 0.238225  ]
 [-0.9609188 ]]",985.0,418.0
1058,"[[-0.16134705]
 [ 0.23895891]
 [-0.95753108]]",997.0,412.0
1059,"[[-0.15288243]
 [ 0.26704117]
 [-0.95148094]]",1002.0,425.0
1060,"[[-0.14127033]
 [ 0.30709054]
 [-0.9411366 ]]",1000.0,460.0
1061,"[[-0.08378914]
 [ 0.33537972]
 [-0.93834952]]",965.0,507.0
1062,"[[-0.17831204]
 [ 0.03788214]
 [-0.98324451]]",997.0,357.0
1063,"[[-1.99263667e-01]
 [ 4.08494424e-05]
 [-9.79945911e-01]]",1033.0,224.0
1064,"[[-0.17595391]
 [ 0.25113407]
 [-0.95182556]]",1049.0,282.0
1065,"[[-0.18713459]
 [ 0.26698618]
 [-0.94535656]]",1069.0,334.0
1066,"[[-0.14248005]
 [ 0.283276  ]
 [-0.94839556]]",1056.0,380.0
1067,"[[-0.11836209]
 [ 0.14563593]
 [-0.98223245]]",1031.0,327.0
1068,"[[-0.15998287]
 [ 0.16612637]
 [-0.97304034]]",1040.0,303.0
1069,"[[-0.1888767 ]
 [ 0.14723294]
 [-0.97090064]]",1066.0,274.0
1070,"[[-0.13456202]
 [ 0.19437582]
 [-0.9716538 ]]",1052.0,282.0
1071,"[[-0.13896074]
 [ 0.18026675]
 [-0.97375244]]",1044.0,278.0
1072,"[[-0.12628341]
 [ 0.23003078]
 [-0.9649551 ]]",1030.0,305.0
1073,"[[-0.16971496]
 [ 0.23636655]
 [-0.95672759]]",1047.0,330.0
1074,"[[-0.17317432]
 [ 0.23757974]
 [-0.95580674]]",1061.0,348.0
1075,"[[-0.15400797]
 [ 0.23271247]
 [-0.96027416]]",1060.0,358.0
1076,"[[-0.158462  ]
 [ 0.24211931]
 [-0.95721891]]",1063.0,373.0
1077,"[[-0.14639727]
 [ 0.21448817]
 [-0.96569284]]",1057.0,368.0
1078,"[[-0.14222485]
 [ 0.14776746]
 [-0.97874249]]",1049.0,322.0
1079,"[[-0.20330828]
 [ 0.12191467]
 [-0.97149501]]",1081.0,272.0
1080,"[[-0.13207518]
 [ 0.1620776 ]
 [-0.97789928]]",1060.0,260.0
1081,"[[-0.15381716]
 [ 0.1831333 ]
 [-0.97098016]]",1057.0,263.0
1082,"[[-0.15981006]
 [ 0.20078508]
 [-0.96651234]]",1058.0,276.0
1083,"[[-0.16406027]
 [ 0.21271604]
 [-0.9632425 ]]",1061.0,292.0
1084,"[[-0.18232831]
 [ 0.22160663]
 [-0.95793888]]",1075.0,309.0
1085,"[[-0.17031159]
 [ 0.23568153]
 [-0.95679056]]",1078.0,330.0
1086,"[[-0.15811907]
 [ 0.2266681 ]
 [-0.96105147]]",1073.0,338.0
1087,"[[-0.16806909]
 [ 0.23355839]
 [-0.95770729]]",1076.0,349.0
1088,"[[-0.17971728]
 [ 0.24759561]
 [-0.95204943]]",1086.0,367.0
1089,"[[-0.16680829]
 [ 0.23880568]
 [-0.95663308]]",1086.0,374.0
1090,"[[-0.15036882]
 [ 0.26238864]
 [-0.95317439]]",1075.0,394.0
1091,"[[-0.13519371]
 [ 0.26646307]
 [-0.95431656]]",1058.0,411.0
1092,"[[-0.14007883]
 [ 0.25018021]
 [-0.95801241]]",1049.0,413.0
1093,"[[-0.14116659]
 [ 0.25480712]
 [-0.95663228]]",1043.0,420.0
1094,"[[-0.14581081]
 [ 0.22632731]
 [-0.96307588]]",1040.0,407.0
1095,"[[-0.14994666]
 [ 0.22757505]
 [-0.96214635]]",1041.0,399.0
1096,"[[-0.12818418]
 [ 0.22476822]
 [-0.96594413]]",1028.0,392.0
1097,"[[-0.14601131]
 [ 0.21498084]
 [-0.96564172]]",1028.0,382.0
1098,"[[-0.1647578 ]
 [ 0.21408071]
 [-0.96282102]]",1041.0,374.0
1099,"[[-0.1545511 ]
 [ 0.21251824]
 [-0.96485748]]",1044.0,368.0
1100,"[[-0.15491833]
 [ 0.21717038]
 [-0.96376207]]",1046.0,365.0
1101,"[[-0.13026006]
 [ 0.218394  ]
 [-0.9671279 ]]",1032.0,363.0
1102,"[[-0.13094147]
 [ 0.21522418]
 [-0.96774629]]",1021.0,360.0
1103,"[[-0.13712148]
 [ 0.22098754]
 [-0.96558905]]",1018.0,363.0
1104,"[[-0.12185638]
 [ 0.23019393]
 [-0.96548525]]",1006.0,370.0
1105,"[[-0.12262697]
 [ 0.24692188]
 [-0.96124514]]",999.0,388.0
1106,"[[-0.12527929]
 [ 0.2433763 ]
 [-0.96180719]]",994.0,398.0
1107,"[[-0.11620355]
 [ 0.25020166]
 [-0.96119502]]",985.0,410.0
1108,"[[-0.13727974]
 [ 0.25297259]
 [-0.95768426]]",992.0,420.0
1109,"[[-0.14373802]
 [ 0.26187513]
 [-0.95433788]]",1002.0,435.0
1110,"[[-0.13902242]
 [ 0.25734468]
 [-0.95626695]]",1006.0,444.0
1111,"[[-0.13177596]
 [ 0.24015859]
 [-0.96174786]]",1005.0,440.0
1112,"[[-0.12935008]
 [ 0.2265214 ]
 [-0.965379  ]]",1003.0,427.0
1113,"[[-0.15850425]
 [ 0.28127043]
 [-0.94644775]]",1021.0,457.0
1114,"[[-0.14206477]
 [ 0.29144714]
 [-0.94597895]]",1025.0,488.0
1115,"[[-0.21538011]
 [ 0.08128394]
 [-0.97314147]]",1073.0,372.0
1116,"[[-0.21072225]
 [ 0.07923738]
 [-0.97432929]]",1106.0,288.0
1117,"[[-0.14923574]
 [ 0.23035571]
 [-0.961595  ]]",1090.0,326.0
1118,"[[-0.13707519]
 [ 0.2552098 ]
 [-0.95711982]]",1070.0,371.0
1119,"[[-0.13981857]
 [ 0.2767659 ]
 [-0.950711  ]]",1056.0,419.0
1120,"[[-0.12556736]
 [ 0.26495754]
 [-0.95604934]]",1036.0,445.0
1121,"[[-0.13982403]
 [ 0.24141294]
 [-0.96029633]]",1029.0,448.0
1122,"[[-0.13868902]
 [ 0.22149361]
 [-0.96524916]]",1023.0,438.0
1123,"[[-0.14817797]
 [ 0.22544484]
 [-0.96292155]]",1024.0,434.0
1124,"[[-0.14922741]
 [ 0.18842901]
 [-0.97068311]]",1025.0,408.0
1125,"[[-0.11408432]
 [ 0.20071824]
 [-0.97298353]]",1003.0,396.0
1126,"[[-0.11105553]
 [ 0.19007889]
 [-0.97546742]]",984.0,379.0
1127,"[[-0.08080921]
 [ 0.20885835]
 [-0.97460149]]",951.0,379.0
1128,"[[-0.09907852]
 [ 0.18639179]
 [-0.9774669 ]]",938.0,365.0
1129,"[[-0.05264014]
 [ 0.22366819]
 [-0.97324281]]",900.0,378.0
1130,"[[-0.08405828]
 [ 0.15734677]
 [-0.98395945]]",892.0,346.0
1131,"[[-0.13154155]
 [-0.01833663]
 [-0.99114105]]",916.0,211.0
1132,"[[-0.0946304 ]
 [ 0.02725627]
 [-0.99513928]]",911.0,143.0
1133,"[[-0.02949558]
 [ 0.22235862]
 [-0.97451868]]",865.0,220.0
1134,"[[-0.01517303]
 [ 0.28063308]
 [-0.95969519]]",822.0,315.0
1135,"[[-0.04735048]
 [ 0.21736308]
 [-0.97494165]]",810.0,339.0
1136,"[[-0.06263772]
 [ 0.18238659]
 [-0.98122966]]",811.0,333.0
1137,"[[-0.05050801]
 [ 0.19508967]
 [-0.97948403]]",804.0,336.0
1138,"[[-0.04995559]
 [ 0.1971964 ]
 [-0.9790904 ]]",799.0,339.0
1139,"[[-0.05776525]
 [ 0.19346541]
 [-0.97940508]]",800.0,338.0
1140,"[[-0.04761136]
 [ 0.20073819]
 [-0.97848727]]",795.0,342.0
1141,"[[-0.04316853]
 [ 0.17169857]
 [-0.98420327]]",788.0,327.0
1142,"[[-0.0397185 ]
 [ 0.17506831]
 [-0.98375481]]",781.0,318.0
1143,"[[-0.03793216]
 [ 0.16996203]
 [-0.9847203 ]]",775.0,309.0
1144,"[[-0.03870607]
 [ 0.17140662]
 [-0.98443975]]",772.0,303.0
1145,"[[-0.03242685]
 [ 0.17984208]
 [-0.98316089]]",765.0,304.0
1146,"[[-0.03810784]
 [ 0.19216223]
 [-0.980623  ]]",764.0,314.0
1147,"[[ 0.02427752]
 [ 0.29023348]
 [-0.95664786]]",724.0,386.0
1148,"[[-0.05428138]
 [ 0.1222918 ]
 [-0.9910087 ]]",745.0,329.0
1149,"[[-0.16375589]
 [ 0.06097379]
 [-0.98461475]]",829.0,251.0
1150,"[[-0.22791725]
 [-0.00486281]
 [-0.97366836]]",935.0,152.0
1151,"[[-0.09516553]
 [ 0.10494611]
 [-0.98991406]]",925.0,150.0
1152,"[[-0.06769132]
 [ 0.17936939]
 [-0.98145021]]",901.0,195.0
1153,"[[-0.04008951]
 [ 0.21940478]
 [-0.97480992]]",866.0,255.0
1154,"[[-0.05060009]
 [ 0.23278361]
 [-0.97121132]]",847.0,306.0
1155,"[[-0.04392611]
 [ 0.22354449]
 [-0.97370342]]",829.0,336.0
1156,"[[-0.0398464 ]
 [ 0.22024492]
 [-0.97463041]]",813.0,356.0
1157,"[[-0.05707156]
 [ 0.1993394 ]
 [-0.97826716]]",812.0,356.0
1158,"[[-0.04499351]
 [ 0.19574982]
 [-0.97962115]]",804.0,353.0
1159,"[[-0.04034838]
 [ 0.20073076]
 [-0.97881519]]",795.0,353.0
1160,"[[-0.05064962]
 [ 0.1974672 ]
 [-0.97900016]]",794.0,350.0
1161,"[[-0.06537758]
 [ 0.17974216]
 [-0.98153886]]",803.0,337.0
1162,"[[-0.04994761]
 [ 0.16972685]
 [-0.98422458]]",801.0,321.0
1163,"[[-0.07039832]
 [ 0.16923958]
 [-0.9830575 ]]",811.0,309.0
1164,"[[-0.08331948]
 [ 0.14786264]
 [-0.98549201]]",827.0,287.0
1165,"[[-0.06631289]
 [ 0.16320014]
 [-0.98436188]]",828.0,280.0
1166,"[[-0.06576763]
 [ 0.16555778]
 [-0.9840047 ]]",827.0,276.0
1167,"[[-0.0774083 ]
 [ 0.1479993 ]
 [-0.98595343]]",833.0,262.0
1168,"[[-0.06897075]
 [ 0.14306895]
 [-0.98730659]]",832.0,247.0
1169,"[[-0.07688713]
 [ 0.1457921 ]
 [-0.98632299]]",836.0,239.0
1170,"[[-0.06400875]
 [ 0.12842937]
 [-0.98965084]]",830.0,220.0
1171,"[[-0.05897876]
 [ 0.17135446]
 [-0.9834425 ]]",823.0,235.0
1172,"[[-0.06191   ]
 [ 0.16966958]
 [-0.98355446]]",819.0,244.0
1173,"[[-0.04408079]
 [ 0.182071  ]
 [-0.98229682]]",804.0,259.0
1174,"[[-0.04799175]
 [ 0.17115792]
 [-0.98407406]]",796.0,262.0
1175,"[[-0.04666723]
 [ 0.17674639]
 [-0.98314947]]",788.0,267.0
1176,"[[-0.05268145]
 [ 0.19136855]
 [-0.98010344]]",787.0,280.0
1177,"[[-0.03737205]
 [ 0.18473359]
 [-0.98207781]]",777.0,285.0
1178,"[[-0.04987966]
 [ 0.17203352]
 [-0.98382747]]",777.0,281.0
1179,"[[-0.04824552]
 [ 0.16889615]
 [-0.98445237]]",777.0,276.0
1180,"[[-0.05846628]
 [ 0.15672411]
 [-0.98591037]]",783.0,264.0
1181,"[[-0.05236629]
 [ 0.17036805]
 [-0.98398806]]",784.0,265.0
1182,"[[-0.05641247]
 [ 0.15961933]
 [-0.98556547]]",787.0,259.0
1183,"[[-0.05568954]
 [ 0.1551572 ]
 [-0.98631887]]",788.0,251.0
1184,"[[-0.07007543]
 [ 0.166921  ]
 [-0.9834769 ]]",798.0,254.0
1185,"[[-0.06373997]
 [ 0.16287466]
 [-0.98458573]]",801.0,252.0
1186,"[[-0.07159305]
 [ 0.16557133]
 [-0.98359574]]",808.0,253.0
1187,"[[-0.06171513]
 [ 0.1766396 ]
 [-0.98233889]]",807.0,260.0
1188,"[[-0.06140518]
 [ 0.18203305]
 [-0.98137321]]",806.0,270.0
1189,"[[-0.06734536]
 [ 0.17498568]
 [-0.98226504]]",808.0,271.0
1190,"[[-0.06560704]
 [ 0.17203005]
 [-0.98290456]]",809.0,271.0
1191,"[[-0.05431362]
 [ 0.17559553]
 [-0.98296299]]",803.0,273.0
1192,"[[-0.05878144]
 [ 0.17743745]
 [-0.98237503]]",801.0,275.0
1193,"[[-0.07705248]
 [ 0.16189112]
 [-0.9837958 ]]",812.0,267.0
1194,"[[-0.06894678]
 [ 0.18251879]
 [-0.98078195]]",814.0,275.0
1195,"[[-0.05858754]
 [ 0.18605406]
 [-0.9807912 ]]",809.0,283.0
1196,"[[-0.0511465 ]
 [ 0.18009752]
 [-0.98231813]]",801.0,284.0
1197,"[[-0.04615059]
 [ 0.18477949]
 [-0.98169581]]",792.0,288.0
1198,"[[-0.05757564]
 [ 0.18327786]
 [-0.98137367]]",792.0,290.0
1199,"[[-0.06659947]
 [ 0.1601626 ]
 [-0.98484133]]",798.0,277.0
1200,"[[-0.06412689]
 [ 0.18209805]
 [-0.98118706]]",800.0,281.0
1201,"[[-0.05392816]
 [ 0.15874206]
 [-0.98584619]]",795.0,270.0
1202,"[[-0.041753  ]
 [ 0.1684228 ]
 [-0.98483016]]",784.0,268.0
1203,"[[-0.05357053]
 [ 0.15824203]
 [-0.98594607]]",783.0,260.0
1204,"[[-0.05353113]
 [ 0.16207683]
 [-0.98532508]]",782.0,257.0
1205,"[[-0.06864646]
 [ 0.1496193 ]
 [-0.98635781]]",790.0,246.0
1206,"[[-0.04927856]
 [ 0.18407979]
 [-0.98167523]]",784.0,261.0
1207,"[[-0.05491217]
 [ 0.16763033]
 [-0.98431942]]",782.0,260.0
1208,"[[-0.0749254 ]
 [ 0.14793279]
 [-0.9861552 ]]",794.0,247.0
1209,"[[-0.07769034]
 [ 0.15558356]
 [-0.9847629 ]]",804.0,243.0
1210,"[[-0.06687634]
 [ 0.15940075]
 [-0.98494617]]",805.0,241.0
1211,"[[-0.05569228]
 [ 0.18066777]
 [-0.98196615]]",799.0,254.0
1212,"[[-0.05817521]
 [ 0.1716555 ]
 [-0.98343786]]",796.0,257.0
1213,"[[-0.05329539]
 [ 0.18065211]
 [-0.98210204]]",791.0,265.0
1214,"[[-0.05864342]
 [ 0.18635805]
 [-0.98073015]]",792.0,275.0
1215,"[[-0.05093865]
 [ 0.1778769 ]
 [-0.98273346]]",788.0,276.0
1216,"[[-0.05796139]
 [ 0.1799573 ]
 [-0.9819653 ]]",789.0,278.0
1217,"[[-0.06257371]
 [ 0.15708985]
 [-0.98559998]]",793.0,265.0
1218,"[[-0.04671985]
 [ 0.17740653]
 [-0.98302807]]",786.0,269.0
1219,"[[-0.06084813]
 [ 0.17728615]
 [-0.9822765 ]]",790.0,271.0
1220,"[[-0.04713113]
 [ 0.18180857]
 [-0.9822038 ]]",785.0,276.0
1221,"[[-0.05764884]
 [ 0.17600816]
 [-0.98269921]]",788.0,276.0
1222,"[[-0.06695784]
 [ 0.16544631]
 [-0.98394317]]",796.0,268.0
1223,"[[-0.05227562]
 [ 0.1672833 ]
 [-0.98452199]]",793.0,264.0
1224,"[[-0.01207644]
 [ 0.16070374]
 [-0.98692881]]",766.0,257.0
1225,"[[ 0.11359411]
 [ 0.21197336]
 [-0.97065116]]",667.0,286.0
1226,"[[ 0.14519175]
 [ 0.23303552]
 [-0.96156841]]",574.0,321.0
1227,"[[ 0.20429732]
 [ 0.21282096]
 [-0.95549455]]",468.0,336.0
1228,"[[ 0.21140276]
 [ 0.21633018]
 [-0.95315798]]",385.0,348.0
1229,"[[ 0.22707502]
 [ 0.22528333]
 [-0.94746206]]",314.0,364.0
1230,"[[ 0.23731497]
 [ 0.21766304]
 [-0.94673355]]",254.0,371.0
1231,"[[ 0.2469682 ]
 [ 0.20913212]
 [-0.94618733]]",203.0,372.0
1232,"[[ 0.25900025]
 [ 0.20889449]
 [-0.94301748]]",158.0,372.0
1233,"[[ 0.24771285]
 [ 0.21001865]
 [-0.94579623]]",132.0,373.0
1234,"[[ 0.25809183]
 [ 0.21488112]
 [-0.94192076]]",107.0,376.0
1235,"[[ 0.248629  ]
 [ 0.22259661]
 [-0.94267405]]",93.0,385.0
1236,"[[ 0.25218353]
 [ 0.21525578]
 [-0.94343437]]",81.0,386.0
1237,"[[ 0.26058927]
 [ 0.22372329]
 [-0.93917044]]",66.0,393.0
1238,"[[ 0.25868107]
 [ 0.22497891]
 [-0.939398  ]]",56.0,398.0
1239,"[[ 0.25469861]
 [ 0.23123577]
 [-0.93896679]]",52.0,407.0
1240,"[[ 0.25139921]
 [ 0.2331877 ]
 [-0.93937316]]",51.0,414.0
1241,"[[ 0.25168779]
 [ 0.2196267 ]
 [-0.94255895]]",51.0,410.0
1242,"[[ 0.26377225]
 [ 0.22635956]
 [-0.93764895]]",43.0,411.0
1243,"[[ 0.26222653]
 [ 0.2304477 ]
 [-0.9370865 ]]",38.0,415.0
1244,"[[ 0.26093416]
 [ 0.23005418]
 [-0.93754383]]",36.0,418.0
1245,"[[ 0.26519939]
 [ 0.22159958]
 [-0.93838314]]",30.0,415.0
1246,"[[ 0.27328713]
 [ 0.22017574]
 [-0.93639564]]",21.0,412.0
1247,"[[ 0.26928656]
 [ 0.22373498]
 [-0.93671095]]",16.0,413.0
1248,"[[ 0.27489384]
 [ 0.23299516]
 [-0.9328165 ]]",8.0,420.0
1249,"[[ 0.25776307]
 [ 0.28327391]
 [-0.92375001]]",12.0,460.0
1250,"[[ 0.21458973]
 [ 0.28371996]
 [-0.93458774]]",43.0,490.0
1251,"[[ 0.00850356]
 [ 0.10199723]
 [-0.99474834]]",203.0,388.0
1252,"[[-0.05077891]
 [ 0.02048935]
 [-0.99849972]]",358.0,263.0
1253,"[[ 0.08456707]
 [ 0.04874956]
 [-0.99522454]]",384.0,190.0
1254,"[[ 0.18817044]
 [ 0.06205758]
 [-0.98017383]]",336.0,146.0
1255,"[[ 0.2464625 ]
 [ 0.23208703]
 [-0.94095263]]",258.0,228.0
1256,"[[ 0.25787434]
 [ 0.25063459]
 [-0.93310403]]",192.0,301.0
1257,"[[ 0.27295018]
 [ 0.23342356]
 [-0.93328004]]",136.0,341.0
1258,"[[ 0.24923477]
 [ 0.24690556]
 [-0.93643989]]",113.0,377.0
1259,"[[ 0.26137279]
 [ 0.24044961]
 [-0.9348092 ]]",88.0,399.0
1260,"[[ 0.26275519]
 [ 0.24920112]
 [-0.9321258 ]]",68.0,421.0
1261,"[[ 0.26524838]
 [ 0.25023325]
 [-0.93114264]]",52.0,438.0
1262,"[[ 0.26573818]
 [ 0.24358067]
 [-0.93276561]]",41.0,445.0
1263,"[[ 0.28489395]
 [ 0.23782389]
 [-0.92858777]]",19.0,448.0
1264,"[[ 0.27286356]
 [ 0.24522927]
 [-0.93027312]]",12.0,454.0
1265,"[[ 0.26576235]
 [ 0.25463648]
 [-0.9298014 ]]",13.0,464.0
1266,"[[ 0.25630218]
 [ 0.25640993]
 [-0.93196735]]",21.0,471.0
1267,"[[ 0.27656697]
 [ 0.24253688]
 [-0.92988525]]",12.0,469.0
1268,"[[ 0.28854112]
 [ 0.22620364]
 [-0.93036334]]",-3.0,457.0
1269,"[[ 0.26778878]
 [ 0.23852824]
 [-0.93348457]]",-0.0,456.0
1270,"[[ 0.25834086]
 [ 0.23561992]
 [-0.93687953]]",9.0,454.0
1271,"[[ 0.27022595]
 [ 0.22953292]
 [-0.93503614]]",7.0,448.0
1272,"[[ 0.26684781]
 [ 0.22694433]
 [-0.93663681]]",8.0,442.0
1273,"[[ 0.26646467]
 [ 0.2401432 ]
 [-0.93344942]]",9.0,447.0
1274,"[[ 0.27022853]
 [ 0.24808499]
 [-0.93028511]]",6.0,455.0
1275,"[[ 0.27360044]
 [ 0.24436122]
 [-0.93028511]]",3.0,459.0
1276,"[[ 0.27600745]
 [ 0.24788875]
 [-0.92863936]]",-1.0,464.0
1277,"[[ 0.26943382]
 [ 0.24869231]
 [-0.93035345]]",1.0,468.0
1278,"[[ 0.27223725]
 [ 0.24988033]
 [-0.92921833]]",1.0,471.0
1279,"[[ 0.26233693]
 [ 0.25337922]
 [-0.9311167 ]]",8.0,475.0
1280,"[[ 0.26374322]
 [ 0.24261845]
 [-0.93358224]]",12.0,471.0
1281,"[[ 0.28257103]
 [ 0.23797009]
 [-0.92925984]]",2.0,466.0
1282,"[[ 0.28296317]
 [ 0.23776772]
 [-0.92919231]]",-5.0,462.0
1283,"[[ 0.27942444]
 [ 0.23798694]
 [-0.93020654]]",-8.0,459.0
1284,"[[ 0.27951585]
 [ 0.23627438]
 [-0.93061555]]",-11.0,456.0
1285,"[[ 0.28971855]
 [ 0.22981562]
 [-0.92911137]]",-19.0,450.0
1286,"[[ 0.28459002]
 [ 0.23168831]
 [-0.93023064]]",-22.0,447.0
1287,"[[ 0.29029632]
 [ 0.21349921]
 [-0.93281624]]",-27.0,432.0
1288,"[[ 0.28118409]
 [ 0.22526718]
 [-0.93283986]]",-24.0,429.0
1289,"[[ 0.2950093 ]
 [ 0.22361126]
 [-0.92896045]]",-32.0,426.0
1290,"[[ 0.28963848]
 [ 0.22000591]
 [-0.93150789]]",-33.0,421.0
1291,"[[ 0.2748304 ]
 [ 0.22145877]
 [-0.9356411 ]]",-23.0,418.0
1292,"[[ 0.26798492]
 [ 0.21449969]
 [-0.93924116]]",-11.0,411.0
1293,"[[ 0.26203931]
 [ 0.20904858]
 [-0.94214335]]",2.0,402.0
1294,"[[ 0.26623463]
 [ 0.20795114]
 [-0.94120956]]",9.0,394.0
1295,"[[ 0.26673552]
 [ 0.21086599]
 [-0.9404189 ]]",15.0,390.0
1296,"[[ 0.27049974]
 [ 0.21252353]
 [-0.93896946]]",15.0,388.0
1297,"[[ 0.27616067]
 [ 0.22011574]
 [-0.93556632]]",10.0,393.0
1298,"[[ 0.27773748]
 [ 0.2201911 ]
 [-0.93508169]]",5.0,397.0
1299,"[[ 0.28245459]
 [ 0.22122558]
 [-0.93342308]]",-3.0,402.0
1300,"[[ 0.28103949]
 [ 0.21606186]
 [-0.93505833]]",-8.0,401.0
1301,"[[ 0.27311132]
 [ 0.23069478]
 [-0.9339112 ]]",-7.0,411.0
1302,"[[ 0.27437837]
 [ 0.23426604]
 [-0.93264995]]",-6.0,420.0
1303,"[[ 0.27401957]
 [ 0.23708402]
 [-0.93204315]]",-5.0,428.0
1304,"[[ 0.27889902]
 [ 0.24008241]
 [-0.92982567]]",-8.0,436.0
1305,"[[ 0.28004949]
 [ 0.23716379]
 [-0.9302288 ]]",-10.0,440.0
1306,"[[ 0.28229976]
 [ 0.23804333]
 [-0.92932353]]",-14.0,444.0
1307,"[[ 0.281095  ]
 [ 0.23107399]
 [-0.93144534]]",-15.0,442.0
1308,"[[ 0.28073642]
 [ 0.23916381]
 [-0.92950941]]",-17.0,446.0
1309,"[[ 0.30328618]
 [ 0.22738042]
 [-0.92537324]]",-32.0,441.0
1310,"[[ 0.30215056]
 [ 0.22340749]
 [-0.92671146]]",-44.0,436.0
1311,"[[ 0.26403693]
 [ 0.22096767]
 [-0.93885983]]",-25.0,429.0
1312,"[[ 0.2585539 ]
 [ 0.22142488]
 [-0.94027703]]",-7.0,424.0
1313,"[[ 0.25525419]
 [ 0.22315252]
 [-0.94077003]]",7.0,421.0
1314,"[[ 0.26757324]
 [ 0.21946269]
 [-0.93821143]]",10.0,418.0
1315,"[[ 0.26660861]
 [ 0.22379172]
 [-0.93746313]]",12.0,417.0
1316,"[[ 0.25578098]
 [ 0.22099002]
 [-0.94113734]]",21.0,416.0
