"Block_Nr","Block_Name","Task_Nr","Task_Name","Trial_Nr","Trial_Id","all_PosChange","angles","anim_time","animate_var","Arr","avg_dist","beep_times","beepEndTimes","BlinkRec","calib_sp_record","calibdb_file","calibration_iteration","check","check_cameraInput","check_faceLit","check_faceLitFront","check_noLightBehind","check_noMask","check2","choose_one","ClickTimes","Condition_Id","copy_of_angles_98","copy_of_seq_6","copy_of_seq_calib_na","count","curr_angle","did_leave_fullscreen","distance_from_screen","distance_notRounded","English_form","feedback_vid","feedback_vid_mid","FieldOfStudy","fix_seq","FixRec","Form_Filled","Form_Submit_Time","FrameEnd","FrameStart","freeview_seq","freeViewRec","GenderChoice","German_form","Img_hide_time","IsAStudent","iter","iteration","keyPress_time","Level1","Level2","Level3","lock_sp_calib","miss_count","next_time","next_trial","point_y","points_x","pos_hide_time","pos_update_time","positionChange","pursuit_rec","rand","random","rec_stop_time","recEnd","recordZone","RecStart","RecStop","reset","ResetTimes","ScreenHeight","seq","seq_calib","sp_x","sp_y","stop_anim","sum","target_display_time","time","time_pts","time_pts_calib_sp","upload_failed","video_calib","VisionChoice","vol_party","voluntary_participation","agent_spec","always_fullscreen","browser_spec","completed","crowdsourcing_code","crowdsourcing_subj_id","displayedLanguage","Distance_To_Screen_In_CM","end_time","exp_subject_id","exp_version","group_name","pixelDensityPerMM","rec_session_id","Screen_Height","Screen_Width","selected_age","selected_language","selected_location","session_name","session_nr","start_time","subj_counter_global","subj_counter_per_group","subject_code","system_spec","time_delay_offset","time_measure_std","unlocked","version_spec","Window_Height","Window_Width"
18,"End-Task",1,"Payment","1","1","","","","","","","","","","","","","","","","","","","","","","1","","","","","","1","","","<a href=""https://survey.academiccloud.de/index.php/242644?lang=en"" target=""_blank"">https://survey.academiccloud.de/index.php/242644?lang=en</a>","","","","","","true","1636987745033","","","","","","<a href=""https://survey.academiccloud.de/index.php/242644?lang=de"" target=""_blank"">https://survey.academiccloud.de/index.php/242644?lang=de</a>","","","","","","","","","","","","","","","","","","","","","","","","","","","","","","","","","","","","","","","","","","false","false","Mozilla/5.0 (Windows NT 10.0; Win64; x64) AppleWebKit/537.36 (KHTML, like Gecko) Chrome/95.0.4638.69 Safari/537.36 Edg/95.0.1020.53","false","Chrome","yes","","&quot;&quot;","","50","2021-11-15T14:49:05.000Z",312727,"4376","group_4","5.841121495327103",343269,"864","1536","25","de","DE","session_4",1,"2021-11-15T13:36:54.000Z","182","17","","Windows-PC","20.2 ms","121.9 ms",true,"95.0.4638.69 Safari/537.36 Edg/95.0.1020.53","864","1536"
16,"SP_calibration",3,"SP_calib","1","1","","","","","","","","","","blockNr_16_taskNr_3_trialNr_1_calib_sp_record.webm","","","","","","","","","","","","1","","","","","","0","","","","","","","","","","","","2","","","","","","","","","","","","","""times=1636987609768;1636987611772---values=false;true""","","","","","","","","","","","","25984","","","","","","","","","","""times=1636987611773;1636987611809;1636987611834;1636987611863;1636987611892;1636987611925;1636987611959;1636987611986;1636987612018;1636987612052;1636987612076;1636987612104;1636987612140;1636987612170;1636987612193;1636987612226;1636987612257;1636987612287;1636987612318;1636987612343;1636987612376;1636987612405;1636987612434;1636987612469;1636987612492;1636987612526;1636987612555;1636987612585;1636987612618;1636987612643;1636987612676;1636987612708;1636987612738;1636987612769;1636987612793;1636987612826;1636987612860;1636987612884;1636987612915;1636987612943;1636987612974;1636987613009;1636987613034;1636987613070;1636987613093;1636987613126;1636987613153;1636987613186;1636987613217;1636987613252;1636987613275;1636987613309;1636987613336;1636987613365;1636987613392;1636987613426;1636987613455;1636987613486;1636987613518;1636987613543;1636987613575;1636987613603;1636987613639;1636987613666;1636987613694;1636987613726;1636987613754;1636987613789;1636987613820;1636987613848;1636987613875;1636987613909;1636987613938;1636987613965;1636987613993;1636987614026;1636987614057;1636987614084;1636987614115;1636987614143;1636987614176;1636987614208;1636987614237;1636987614265;1636987614294;1636987614325;1636987614353;1636987614383;1636987614418;1636987614449;1636987614474;1636987614504;1636987614539;1636987614569;1636987614604;1636987614626;1636987614653;1636987614685;1636987614722;1636987614743;1636987614776;1636987614808;1636987614835;1636987614863;1636987614893;1636987614926;1636987614959;1636987614988;1636987615013;1636987615045;1636987615073;1636987615104;1636987615136;1636987615170;1636987615194;1636987615226;1636987615254;1636987615283;1636987615317;1636987615346;1636987615375;1636987615403;1636987615435;1636987615470;1636987615492;1636987615525;1636987615554;1636987615590;1636987615618;1636987615643;1636987615676;1636987615705;1636987615734;1636987615767;1636987615794;1636987615825;1636987615854;1636987615883;1636987615915;1636987615952;1636987615976;1636987616008;1636987616034;1636987616065;1636987616098;1636987616125;1636987616154;1636987616190;1636987616214;1636987616244;1636987616273;1636987616309;1636987616333;1636987616370;1636987616400;1636987616427;1636987616455;1636987616485;1636987616514;1636987616543;1636987616575;1636987616609;1636987616636;1636987616664;1636987616699;1636987616724;1636987616754;1636987616786;1636987616816;1636987616845;1636987616874;1636987616909;1636987616937;1636987616965;1636987616993;1636987617026;1636987617054;1636987617090;1636987617117;1636987617143;1636987617173;1636987617209;1636987617233;1636987617264;1636987617293;1636987617325;1636987617358;1636987617383;1636987617412;1636987617452;1636987617475;1636987617506;1636987617539;1636987617564;1636987617600;1636987617624;1636987617654;1636987617684;1636987617717;1636987617748;1636987617773;1636987617808;1636987617836;1636987617868;1636987617892;1636987617925;1636987617954;1636987617984;1636987618018;1636987618044;1636987618075;1636987618106;1636987618137;1636987618163;1636987618195;1636987618225;1636987618258;1636987618289;1636987618318;1636987618343;1636987618375;1636987618403;1636987618435;1636987618463;1636987618498;1636987618525;1636987618557;1636987618584;1636987618613;1636987618646;1636987618675;1636987618711;1636987618737;1636987618764;1636987618797;1636987618825;1636987618856;1636987618885;1636987618919;1636987618948;1636987618975;1636987619010;1636987619037;1636987619067;1636987619094;1636987619125;1636987619156;1636987619182;1636987619219;1636987619243;1636987619273;1636987619308;1636987619337;1636987619364;1636987619401;1636987619428;1636987619454;1636987619488;1636987619519;1636987623749;1636987623775;1636987623804;1636987623837;1636987623869;1636987623902;1636987623925;1636987623958;1636987623984;1636987624018;1636987624043;1636987624074;1636987624108;1636987624134;1636987624169;1636987624199;1636987624225;1636987624252;1636987624284;1636987624317;1636987624345;1636987624374;1636987624407;1636987624437;1636987624465;1636987624501;1636987624522;1636987624553;1636987624586;1636987624618;1636987624652;1636987624674;1636987624708;1636987624735;1636987624767;1636987624818;1636987624827;1636987624853;1636987624883;1636987624919;1636987624949;1636987624975;1636987625003;1636987625035;1636987625066;1636987625093;1636987625125;1636987625156;1636987625184;1636987625220;1636987625251;1636987625275;1636987625308;1636987625341;1636987625370;1636987625399;1636987625425;1636987625453;1636987625484;1636987625516;1636987625546;1636987625574;1636987625604;1636987625642;1636987625665;1636987625697;1636987625725;1636987625758;1636987625790;1636987625818;1636987625849;1636987625875;1636987625903;1636987625940;1636987625963;1636987625995;1636987626024;1636987626054;1636987626084;1636987626119;1636987626151;1636987626175;1636987626208;1636987626241;1636987626267;1636987626300;1636987626325;1636987626353;1636987626385;1636987626417;1636987626452;1636987626473;1636987626508;1636987626533;1636987626568;1636987626601;1636987626625;1636987626658;1636987626690;1636987626718;1636987626751;1636987626774;1636987626808;1636987626840;1636987626869;1636987626893;1636987626925;1636987626954;1636987626987;1636987627018;1636987627044;1636987627074;1636987627104;1636987627134;1636987627170;1636987627199;1636987627224;1636987627257;1636987627282;1636987627313;1636987627343;1636987627373;1636987627404;1636987627440;1636987627467;1636987627501;1636987627524;1636987627556;1636987627590;1636987627618;1636987627643;1636987627675;1636987627707;1636987627735;1636987627763;1636987627800;1636987627825;1636987627853;1636987627887;1636987627913;1636987627944;1636987627973;1636987628003;1636987628034;1636987628066;1636987628100;1636987628124;1636987628155;1636987628183;1636987628213;1636987628247;1636987628274;1636987628303;1636987628340;1636987628367;1636987628400;1636987628424;1636987628455;1636987628483;1636987628520;1636987628543;1636987628572;1636987628608;1636987628633;1636987628663;1636987628699;1636987628724;1636987628757;1636987628784;1636987628817;1636987628851;1636987628875;1636987628907;1636987628933;1636987628965;1636987628999;1636987629024;1636987629058;1636987629088;1636987629121;1636987629148;1636987629174;1636987629203;1636987629238;1636987629266;1636987629300;1636987629324;1636987629354;1636987629384;1636987629417;1636987629446;1636987629474;1636987629508;1636987629537;1636987629568;1636987629594;1636987629624;1636987629653;1636987629686;1636987629714;1636987629755;1636987629773;1636987629807;1636987629833;1636987629867;1636987629900;1636987629924;1636987629957;1636987629984;1636987630016;1636987630049;1636987630074;1636987630105;1636987630141;1636987630168;1636987630197;1636987630227;1636987630254;1636987630283;1636987630315;1636987630347;1636987630375;1636987630407;1636987630440;1636987630466;1636987630502;1636987630523;1636987630557;1636987630583;1636987630617;1636987630652;1636987630676;1636987630706;1636987630735;1636987630769;1636987630794;1636987630824;1636987630857;1636987630885;1636987630918;1636987630944;1636987630975;1636987631002;1636987631034;1636987631067;1636987631097;1636987631124;1636987631157;1636987631184;1636987631213;1636987631250;1636987631274;1636987631306;1636987631336;1636987631367;1636987631393;1636987631424;1636987631457;1636987631484;1636987631515---values=160;165;170;175;180;185;190;195;200;205;210;215;220;225;230;235;240;245;250;255;260;265;270;275;280;285;290;295;300;305;310;315;320;325;330;335;340;345;350;355;360;365;370;375;380;385;390;395;400;405;410;415;420;425;430;435;440;445;450;455;460;465;470;475;480;485;490;495;500;505;510;515;520;525;530;535;540;545;550;555;560;565;570;575;580;585;590;595;600;605;610;615;620;625;630;635;640;645;650;655;660;665;670;675;680;685;690;695;700;705;710;715;720;725;730;735;740;745;750;755;760;765;770;775;780;785;790;795;800;805;810;815;820;825;830;835;840;845;850;855;860;865;870;875;880;885;890;895;900;905;910;915;920;925;930;935;940;945;950;955;960;965;970;975;980;985;990;995;1000;1005;1010;1015;1020;1025;1030;1035;1040;1045;1050;1055;1060;1065;1070;1075;1080;1085;1090;1095;1100;1105;1110;1115;1120;1125;1130;1135;1140;1145;1150;1155;1160;1165;1170;1175;1180;1185;1190;1195;1200;1205;1210;1215;1220;1225;1230;1235;1240;1245;1250;1255;1260;1265;1270;1275;1280;1285;1290;1295;1300;1305;1310;1315;1320;1325;1330;1335;1340;1345;1350;1355;1360;1365;1370;1375;1380;1385;1390;1395;1400;1405;1410;1415;1420;1425;1430;1435;1440;1445;1450;1445;1440;1435;1430;1425;1420;1415;1410;1405;1400;1395;1390;1385;1380;1375;1370;1365;1360;1355;1350;1345;1340;1335;1330;1325;1320;1315;1310;1305;1300;1295;1290;1285;1280;1275;1270;1265;1260;1255;1250;1245;1240;1235;1230;1225;1220;1215;1210;1205;1200;1195;1190;1185;1180;1175;1170;1165;1160;1155;1150;1145;1140;1135;1130;1125;1120;1115;1110;1105;1100;1095;1090;1085;1080;1075;1070;1065;1060;1055;1050;1045;1040;1035;1030;1025;1020;1015;1010;1005;1000;995;990;985;980;975;970;965;960;955;950;945;940;935;930;925;920;915;910;905;900;895;890;885;880;875;870;865;860;855;850;845;840;835;830;825;820;815;810;805;800;795;790;785;780;775;770;765;760;755;750;745;740;735;730;725;720;715;710;705;700;695;690;685;680;675;670;665;660;655;650;645;640;635;630;625;620;615;610;605;600;595;590;585;580;575;570;565;560;555;550;545;540;535;530;525;520;515;510;505;500;495;490;485;480;475;470;465;460;455;450;445;440;435;430;425;420;415;410;405;400;395;390;385;380;375;370;365;360;355;350;345;340;335;330;325;320;315;310;305;300;295;290;285;280;275;270;265;260;255;250;245;240;235;230;225;220;215;210;205;200;195;190;185;180;175;170;165;160;155;150""","""times=1636987611773;1636987619547;1636987619575;1636987619608;1636987619637;1636987619672;1636987619701;1636987619723;1636987619755;1636987619791;1636987619816;1636987619843;1636987619874;1636987619904;1636987619937;1636987619965;1636987619994;1636987620025;1636987620056;1636987620083;1636987620113;1636987620143;1636987620174;1636987620209;1636987620238;1636987620265;1636987620300;1636987620325;1636987620356;1636987620385;1636987620419;1636987620446;1636987620476;1636987620503;1636987620534;1636987620566;1636987620593;1636987620623;1636987620657;1636987620683;1636987620713;1636987620745;1636987620775;1636987620802;1636987620833;1636987620862;1636987620901;1636987620923;1636987620958;1636987620989;1636987621021;1636987621045;1636987621075;1636987621105;1636987621136;1636987621164;1636987621201;1636987621225;1636987621253;1636987621283;1636987621321;1636987621346;1636987621375;1636987621408;1636987621433;1636987621467;1636987621495;1636987621524;1636987621558;1636987621584;1636987621618;1636987621643;1636987621674;1636987621708;1636987621737;1636987621766;1636987621792;1636987621825;1636987621858;1636987621887;1636987621918;1636987621944;1636987621975;1636987622005;1636987622041;1636987622070;1636987622102;1636987622124;1636987622158;1636987622187;1636987622215;1636987622243;1636987622275;1636987622309;1636987622341;1636987622365;1636987622394;1636987622425;1636987622458;1636987622483;1636987622520;1636987622550;1636987622575;1636987622608;1636987622636;1636987622664;1636987622695;1636987622725;1636987622758;1636987622782;1636987622813;1636987622845;1636987622873;1636987622908;1636987622937;1636987622971;1636987623001;1636987623024;1636987623053;1636987623084;1636987623121;1636987623149;1636987623173;1636987623208;1636987623233;1636987623264;1636987623300;1636987623323;1636987623353;1636987623386;1636987623418;1636987623452;1636987623475;1636987623510;1636987623537;1636987623574;1636987623601;1636987623623;1636987623657;1636987623685;1636987623718;1636987631554;1636987631574;1636987631607;1636987631633;1636987631666;1636987631699;1636987631724;1636987631757;1636987631784;1636987631820;1636987631850;1636987631875;1636987631905;1636987631937;1636987631969;1636987631995;1636987632024;1636987632053;1636987632083;1636987632113;1636987632147;1636987632173;1636987632207;1636987632234;1636987632267;1636987632299;1636987632323;1636987632354;1636987632386;1636987632418;1636987632448;1636987632475;1636987632505;1636987632537;1636987632567;1636987632593;1636987632623;1636987632656;1636987632688;1636987632720;1636987632748;1636987632774;1636987632807;1636987632834;1636987632867;1636987632906;1636987632924;1636987632957;1636987632986;1636987633017;1636987633049;1636987633073;1636987633107;1636987633138;1636987633168;1636987633201;1636987633224;1636987633254;1636987633283;1636987633317;1636987633348;1636987633386;1636987633403;1636987633437;1636987633468;1636987633498;1636987633523;1636987633556;1636987633583;1636987633614;1636987633649;1636987633673;1636987633707;1636987633737;1636987633765;1636987633800;1636987633823;1636987633857;1636987633888;1636987633914;1636987633950;1636987633974;1636987634007;1636987634035;1636987634065;1636987634101;1636987634124;1636987634157;1636987634185;1636987634217;1636987634246;1636987634274;1636987634304;1636987634333;1636987634367;1636987634400;1636987634424;1636987634457;1636987634488;1636987634518;1636987634551;1636987634574;1636987634604;1636987634634;1636987634666;1636987634697;1636987634723;1636987634756;1636987634790;1636987634818;1636987634844;1636987634874;1636987634903;1636987634934;1636987634965;1636987635001;1636987635024;1636987635059;1636987635090;1636987635118;1636987635149;1636987635173;1636987635203;1636987635240;1636987635263;1636987635295;1636987635323;1636987635357;1636987635385;1636987635416;1636987635450;1636987635473;1636987635506;1636987635535;1636987635564;1636987635596;1636987635623;1636987635657;1636987635685;1636987635714---values=100;105;110;115;120;125;130;135;140;145;150;155;160;165;170;175;180;185;190;195;200;205;210;215;220;225;230;235;240;245;250;255;260;265;270;275;280;285;290;295;300;305;310;315;320;325;330;335;340;345;350;355;360;365;370;375;380;385;390;395;400;405;410;415;420;425;430;435;440;445;450;455;460;465;470;475;480;485;490;495;500;505;510;515;520;525;530;535;540;545;550;555;560;565;570;575;580;585;590;595;600;605;610;615;620;625;630;635;640;645;650;655;660;665;670;675;680;685;690;695;700;705;710;715;720;725;730;735;740;745;750;755;760;765;770;775;780;785;790;795;800;795;790;785;780;775;770;765;760;755;750;745;740;735;730;725;720;715;710;705;700;695;690;685;680;675;670;665;660;655;650;645;640;635;630;625;620;615;610;605;600;595;590;585;580;575;570;565;560;555;550;545;540;535;530;525;520;515;510;505;500;495;490;485;480;475;470;465;460;455;450;445;440;435;430;425;420;415;410;405;400;395;390;385;380;375;370;365;360;355;350;345;340;335;330;325;320;315;310;305;300;295;290;285;280;275;270;265;260;255;250;245;240;235;230;225;220;215;210;205;200;195;190;185;180;175;170;165;160;155;150;145;140;135;130;125;120;115;110;105;100""","","","","","","""times=1636987609768;1636987611775;1636987611811;1636987611843;1636987611876;1636987611909;1636987611927;1636987611961;1636987611993;1636987612027;1636987612060;1636987612079;1636987612110;1636987612144;1636987612176;1636987612210;1636987612244;1636987612261;1636987612293;1636987612326;1636987612360;1636987612393;1636987612409;1636987612445;1636987612476;1636987612509;1636987612543;1636987612559;1636987612593;1636987612627;1636987612660;1636987612693;1636987612712;1636987612744;1636987612777;1636987612810;1636987612843;1636987612877;1636987612893;1636987612927;1636987612960;1636987612977;1636987613012;1636987613055;1636987613077;1636987613110;1636987613143;1636987613159;1636987613193;1636987613227;1636987613259;1636987613277;1636987613310;1636987613344;1636987613377;1636987613395;1636987613430;1636987613461;1636987613493;1636987613527;1636987613560;1636987613584;1636987613609;1636987613643;1636987613676;1636987613709;1636987613743;1636987613759;1636987613792;1636987613826;1636987613860;1636987613878;1636987613912;1636987613944;1636987613977;1636987614011;1636987614028;1636987614060;1636987614093;1636987614127;1636987614160;1636987614195;1636987614212;1636987614243;1636987614276;1636987614309;1636987614342;1636987614359;1636987614393;1636987614427;1636987614461;1636987614478;1636987614510;1636987614544;1636987614576;1636987614610;1636987614643;1636987614660;1636987614693;1636987614727;1636987614760;1636987614793;1636987614811;1636987614843;1636987614876;1636987614910;1636987614942;1636987614977;1636987614993;1636987615026;1636987615059;1636987615076;1636987615109;1636987615142;1636987615176;1636987615209;1636987615242;1636987615259;1636987615292;1636987615327;1636987615359;1636987615377;1636987615409;1636987615442;1636987615476;1636987615509;1636987615543;1636987615559;1636987615593;1636987615626;1636987615660;1636987615694;1636987615713;1636987615744;1636987615777;1636987615809;1636987615827;1636987615859;1636987615892;1636987615926;1636987615959;1636987615992;1636987616011;1636987616044;1636987616076;1636987616109;1636987616142;1636987616159;1636987616193;1636987616226;1636987616259;1636987616276;1636987616311;1636987616343;1636987616376;1636987616409;1636987616444;1636987616460;1636987616493;1636987616527;1636987616560;1636987616579;1636987616612;1636987616642;1636987616675;1636987616709;1636987616726;1636987616759;1636987616792;1636987616826;1636987616859;1636987616877;1636987616912;1636987616943;1636987616976;1636987617010;1636987617043;1636987617060;1636987617094;1636987617127;1636987617161;1636987617177;1636987617213;1636987617242;1636987617275;1636987617310;1636987617326;1636987617360;1636987617392;1636987617426;1636987617459;1636987617492;1636987617510;1636987617543;1636987617577;1636987617609;1636987617627;1636987617660;1636987617693;1636987617727;1636987617759;1636987617775;1636987617810;1636987617842;1636987617875;1636987617908;1636987617927;1636987617958;1636987617992;1636987618026;1636987618060;1636987618078;1636987618110;1636987618142;1636987618176;1636987618210;1636987618227;1636987618261;1636987618292;1636987618325;1636987618358;1636987618392;1636987618409;1636987618442;1636987618476;1636987618510;1636987618529;1636987618561;1636987618593;1636987618626;1636987618659;1636987618677;1636987618725;1636987618742;1636987618775;1636987618809;1636987618842;1636987618859;1636987618893;1636987618926;1636987618959;1636987618977;1636987619013;1636987619043;1636987619076;1636987619108;1636987619142;1636987619161;1636987619192;1636987619225;1636987619258;1636987619275;1636987619310;1636987619342;1636987619377;1636987619410;1636987619444;1636987619460;1636987619493;1636987619526;1636987619559;1636987619592;1636987619625;1636987619642;1636987619675;1636987619708;1636987619725;1636987619758;1636987619792;1636987619825;1636987619858;1636987619876;1636987619909;1636987619942;1636987619975;1636987620009;1636987620042;1636987620059;1636987620092;1636987620125;1636987620159;1636987620176;1636987620212;1636987620242;1636987620275;1636987620308;1636987620342;1636987620359;1636987620393;1636987620426;1636987620459;1636987620493;1636987620509;1636987620543;1636987620577;1636987620609;1636987620626;1636987620659;1636987620692;1636987620725;1636987620758;1636987620792;1636987620808;1636987620841;1636987620884;1636987620909;1636987620926;1636987620963;1636987620993;1636987621026;1636987621060;1636987621093;1636987621110;1636987621142;1636987621175;1636987621209;1636987621227;1636987621259;1636987621293;1636987621325;1636987621359;1636987621393;1636987621411;1636987621441;1636987621475;1636987621508;1636987621526;1636987621559;1636987621592;1636987621625;1636987621662;1636987621692;1636987621711;1636987621743;1636987621776;1636987621809;1636987621843;1636987621862;1636987621892;1636987621925;1636987621958;1636987621991;1636987622008;1636987622043;1636987622080;1636987622109;1636987622127;1636987622161;1636987622193;1636987622226;1636987622261;1636987622293;1636987622326;1636987622342;1636987622375;1636987622408;1636987622443;1636987622461;1636987622492;1636987622526;1636987622559;1636987622578;1636987622614;1636987622642;1636987622675;1636987622708;1636987622727;1636987622760;1636987622791;1636987622825;1636987622858;1636987622874;1636987622910;1636987622943;1636987622976;1636987623009;1636987623029;1636987623060;1636987623093;1636987623125;1636987623158;1636987623176;1636987623211;1636987623241;1636987623274;1636987623308;1636987623326;1636987623360;1636987623393;1636987623426;1636987623459;1636987623492;1636987623513;1636987623543;1636987623578;1636987623608;1636987623625;1636987623659;1636987623692;1636987623726;1636987623759;1636987623777;1636987623811;1636987623842;1636987623876;1636987623909;1636987623942;1636987623961;1636987623991;1636987624025;1636987624058;1636987624076;1636987624125;1636987624141;1636987624177;1636987624210;1636987624229;1636987624259;1636987624293;1636987624326;1636987624360;1636987624377;1636987624410;1636987624441;1636987624476;1636987624508;1636987624524;1636987624558;1636987624591;1636987624625;1636987624659;1636987624677;1636987624711;1636987624742;1636987624810;1636987624821;1636987624848;1636987624858;1636987624892;1636987624924;1636987624958;1636987624991;1636987625008;1636987625041;1636987625075;1636987625109;1636987625142;1636987625160;1636987625192;1636987625226;1636987625259;1636987625292;1636987625325;1636987625344;1636987625376;1636987625409;1636987625443;1636987625459;1636987625491;1636987625525;1636987625558;1636987625591;1636987625608;1636987625643;1636987625675;1636987625709;1636987625742;1636987625776;1636987625793;1636987625826;1636987625861;1636987625892;1636987625909;1636987625942;1636987625974;1636987626008;1636987626041;1636987626057;1636987626092;1636987626125;1636987626159;1636987626192;1636987626211;1636987626244;1636987626275;1636987626308;1636987626341;1636987626358;1636987626391;1636987626424;1636987626458;1636987626475;1636987626510;1636987626542;1636987626576;1636987626609;1636987626645;1636987626676;1636987626693;1636987626725;1636987626759;1636987626777;1636987626810;1636987626843;1636987626876;1636987626918;1636987626942;1636987626959;1636987626992;1636987627024;1636987627058;1636987627091;1636987627108;1636987627141;1636987627175;1636987627207;1636987627241;1636987627259;1636987627291;1636987627324;1636987627358;1636987627375;1636987627407;1636987627442;1636987627474;1636987627507;1636987627541;1636987627558;1636987627592;1636987627626;1636987627658;1636987627692;1636987627710;1636987627742;1636987627776;1636987627808;1636987627842;1636987627858;1636987627892;1636987627932;1636987627959;1636987627978;1636987628008;1636987628041;1636987628075;1636987628108;1636987628142;1636987628158;1636987628192;1636987628225;1636987628258;1636987628291;1636987628308;1636987628341;1636987628375;1636987628409;1636987628442;1636987628459;1636987628492;1636987628525;1636987628559;1636987628576;1636987628610;1636987628642;1636987628674;1636987628707;1636987628741;1636987628759;1636987628791;1636987628825;1636987628858;1636987628892;1636987628910;1636987628941;1636987628975;1636987629008;1636987629042;1636987629075;1636987629092;1636987629125;1636987629158;1636987629191;1636987629207;1636987629241;1636987629275;1636987629308;1636987629341;1636987629358;1636987629391;1636987629425;1636987629458;1636987629491;1636987629524;1636987629541;1636987629574;1636987629608;1636987629641;1636987629658;1636987629692;1636987629725;1636987629759;1636987629776;1636987629811;1636987629842;1636987629874;1636987629907;1636987629941;1636987629958;1636987629991;1636987630024;1636987630058;1636987630091;1636987630108;1636987630144;1636987630175;1636987630208;1636987630244;1636987630259;1636987630292;1636987630325;1636987630359;1636987630392;1636987630410;1636987630442;1636987630474;1636987630513;1636987630524;1636987630558;1636987630590;1636987630624;1636987630659;1636987630691;1636987630709;1636987630743;1636987630775;1636987630808;1636987630826;1636987630860;1636987630891;1636987630924;1636987630958;1636987630990;1636987631007;1636987631040;1636987631074;1636987631107;1636987631141;1636987631160;1636987631191;1636987631225;1636987631258;1636987631292;1636987631309;1636987631341;1636987631374;1636987631408;1636987631441;1636987631459;1636987631491;1636987631525;1636987631558;1636987631576;1636987631609;1636987631641;1636987631674;1636987631708;1636987631741;1636987631759;1636987631791;1636987631825;1636987631858;1636987631891;1636987631908;1636987631941;1636987631975;1636987632008;1636987632041;1636987632057;1636987632091;1636987632125;1636987632157;1636987632190;1636987632208;1636987632240;1636987632274;1636987632307;1636987632341;1636987632357;1636987632391;1636987632425;1636987632458;1636987632491;1636987632509;1636987632542;1636987632575;1636987632607;1636987632640;1636987632658;1636987632690;1636987632726;1636987632758;1636987632792;1636987632809;1636987632842;1636987632874;1636987632910;1636987632940;1636987632974;1636987632990;1636987633023;1636987633057;1636987633090;1636987633124;1636987633141;1636987633176;1636987633208;1636987633242;1636987633258;1636987633291;1636987633325;1636987633358;1636987633392;1636987633408;1636987633440;1636987633474;1636987633507;1636987633540;1636987633574;1636987633590;1636987633634;1636987633657;1636987633675;1636987633709;1636987633741;1636987633774;1636987633807;1636987633841;1636987633874;1636987633891;1636987633925;1636987633958;1636987633977;1636987634010;1636987634041;1636987634074;1636987634108;1636987634141;1636987634161;1636987634190;1636987634224;1636987634257;1636987634291;1636987634307;1636987634342;1636987634374;1636987634408;1636987634441;1636987634474;1636987634491;1636987634525;1636987634558;1636987634590;1636987634607;1636987634640;1636987634674;1636987634707;1636987634740;1636987634774;1636987634792;1636987634825;1636987634858;1636987634891;1636987634908;1636987634941;1636987634975;1636987635008;1636987635027;1636987635074;1636987635107;1636987635124;1636987635157;1636987635190;1636987635207;1636987635257;1636987635274;1636987635307;1636987635340;1636987635373;1636987635390;1636987635423;1636987635457;1636987635475;1636987635508;1636987635541;1636987635574;1636987635607;1636987635641;1636987635659;1636987635691;1636987635724---values=;1999;2035;2067;2100;2133;2151;2185;2217;2251;2284;2303;2334;2368;2400;2434;2467;2485;2517;2550;2584;2617;2633;2669;2700;2733;2767;2783;2817;2851;2884;2917;2936;2968;3001;3034;3067;3101;3117;3151;3184;3201;3236;3279;3301;3334;3367;3383;3417;3451;3483;3500;3534;3568;3601;3619;3654;3685;3717;3751;3784;3807;3833;3867;3900;3933;3967;3983;4016;4050;4084;4102;4136;4167;4201;4235;4252;4284;4317;4351;4384;4419;4436;4467;4500;4533;4566;4583;4616;4651;4685;4702;4734;4768;4800;4834;4867;4883;4917;4951;4984;5017;5035;5067;5100;5134;5166;5201;5217;5250;5283;5300;5333;5366;5400;5433;5466;5483;5516;5551;5583;5601;5633;5666;5700;5733;5767;5783;5817;5850;5884;5918;5937;5968;6001;6033;6051;6083;6116;6150;6183;6216;6235;6268;6300;6333;6366;6383;6417;6450;6483;6500;6535;6567;6600;6633;6668;6684;6717;6751;6784;6803;6836;6866;6899;6933;6950;6983;7016;7050;7083;7101;7136;7167;7200;7234;7267;7284;7318;7351;7384;7401;7437;7466;7499;7534;7550;7584;7616;7650;7683;7716;7734;7767;7801;7833;7851;7884;7917;7951;7983;7999;8034;8066;8099;8132;8151;8182;8216;8250;8284;8302;8333;8366;8400;8433;8451;8485;8516;8549;8582;8616;8633;8666;8700;8734;8752;8785;8817;8850;8883;8901;8949;8966;8999;9033;9066;9083;9117;9150;9183;9201;9237;9267;9300;9332;9366;9384;9416;9449;9482;9499;9534;9566;9601;9634;9668;9684;9717;9750;9783;9816;9849;9866;9899;9932;9949;9982;10016;10049;10082;10100;10132;10166;10199;10233;10266;10283;10316;10349;10383;10400;10436;10466;10499;10532;10566;10583;10617;10650;10683;10717;10733;10767;10800;10833;10850;10883;10916;10949;10982;11016;11032;11065;11108;11133;11150;11186;11217;11250;11284;11317;11334;11366;11399;11433;11451;11483;11517;11549;11583;11617;11635;11665;11699;11732;11750;11783;11816;11849;11886;11916;11935;11967;12000;12033;12067;12086;12116;12149;12182;12215;12232;12267;12304;12333;12351;12385;12417;12450;12485;12517;12550;12566;12599;12632;12667;12685;12716;12750;12783;12802;12838;12866;12899;12932;12951;12984;13015;13049;13082;13098;13134;13167;13200;13233;13253;13284;13317;13349;13382;13400;13435;13465;13498;13532;13550;13584;13617;13650;13683;13716;13737;13767;13802;13832;13849;13883;13916;13950;13983;14001;14035;14066;14100;14133;14166;14184;14215;14249;14282;14300;14349;14365;14401;14434;14453;14483;14517;14550;14584;14601;14634;14665;14700;14732;14748;14782;14815;14849;14883;14901;14935;14966;15033;15045;15071;15082;15116;15148;15182;15215;15232;15265;15299;15333;15366;15384;15416;15450;15483;15516;15549;15568;15600;15633;15667;15683;15715;15749;15782;15815;15832;15867;15899;15933;15966;16000;16017;16050;16084;16116;16133;16166;16198;16232;16265;16281;16316;16349;16382;16416;16435;16468;16499;16532;16565;16582;16615;16648;16682;16699;16734;16766;16800;16833;16869;16900;16917;16949;16983;17001;17034;17067;17100;17142;17166;17183;17216;17248;17282;17315;17332;17365;17399;17431;17465;17483;17515;17548;17582;17599;17631;17665;17698;17731;17765;17782;17816;17850;17882;17916;17934;17966;18000;18032;18066;18082;18116;18156;18183;18202;18232;18265;18299;18332;18366;18382;18416;18449;18482;18515;18532;18565;18599;18633;18666;18683;18716;18749;18783;18800;18834;18866;18898;18931;18965;18983;19015;19049;19082;19116;19134;19165;19199;19232;19266;19299;19316;19349;19382;19415;19431;19465;19499;19532;19565;19582;19615;19649;19682;19715;19748;19765;19798;19832;19865;19882;19916;19949;19983;20000;20035;20066;20098;20131;20165;20182;20215;20248;20282;20315;20332;20368;20399;20432;20468;20483;20516;20549;20583;20616;20634;20666;20698;20737;20748;20782;20814;20848;20883;20915;20933;20967;20999;21032;21050;21084;21115;21148;21182;21214;21231;21264;21298;21331;21365;21384;21415;21449;21482;21516;21533;21565;21598;21632;21665;21683;21715;21749;21782;21800;21833;21865;21898;21932;21965;21983;22015;22049;22082;22115;22132;22165;22199;22232;22265;22281;22315;22349;22381;22414;22432;22464;22498;22531;22565;22581;22615;22649;22682;22715;22733;22766;22799;22831;22864;22882;22914;22950;22982;23016;23033;23066;23098;23134;23164;23198;23214;23247;23281;23314;23348;23365;23400;23432;23466;23482;23515;23549;23582;23616;23632;23664;23698;23731;23764;23798;23814;23858;23881;23899;23933;23965;23998;24031;24065;24098;24115;24149;24182;24201;24234;24265;24298;24332;24365;24385;24414;24448;24481;24515;24531;24566;24598;24632;24665;24698;24715;24749;24782;24814;24831;24864;24898;24931;24964;24997;25016;25049;25082;25115;25132;25165;25199;25232;25251;25298;25331;25348;25381;25414;25431;25481;25498;25531;25564;25597;25614;25647;25681;25699;25732;25765;25798;25831;25865;25883;25915;25948""","false","","","","","Mozilla/5.0 (Windows NT 10.0; Win64; x64) AppleWebKit/537.36 (KHTML, like Gecko) Chrome/95.0.4638.69 Safari/537.36 Edg/95.0.1020.53","false","Chrome","yes","","&quot;&quot;","","50","2021-11-15T14:49:05.000Z",312727,"4376","group_4","5.841121495327103",343269,"864","1536","25","de","DE","session_4",1,"2021-11-15T13:36:54.000Z","182","17","","Windows-PC","20.2 ms","121.9 ms",true,"95.0.4638.69 Safari/537.36 Edg/95.0.1020.53","864","1536"
16,"SP_calibration",2,"ex_SP_calib","1","1","","","","","","","","","","","","3","","","","","","","","","","1","","","","","","0","","","","","","","","","","","","","","","","","","","","","","","","","","","","","","","","","","","","","","","","","","","","","","","""times=1636987609170---values=0""","""times=1636987609170---values=0""","","","","","","","false","","","","","Mozilla/5.0 (Windows NT 10.0; Win64; x64) AppleWebKit/537.36 (KHTML, like Gecko) Chrome/95.0.4638.69 Safari/537.36 Edg/95.0.1020.53","false","Chrome","yes","","&quot;&quot;","","50","2021-11-15T14:49:05.000Z",312727,"4376","group_4","5.841121495327103",343269,"864","1536","25","de","DE","session_4",1,"2021-11-15T13:36:54.000Z","182","17","","Windows-PC","20.2 ms","121.9 ms",true,"95.0.4638.69 Safari/537.36 Edg/95.0.1020.53","864","1536"
16,"SP_calibration",1,"SP_calib_instructions","1","1","","","","","","","","","","","","3","","","","","","","","","","1","","","","","","","","","","","","","","","","","","","","","","","","","","","","","","","","","","","","","","","","","","","","","","","","","","","","","","","","","","","","","","","","","","Mozilla/5.0 (Windows NT 10.0; Win64; x64) AppleWebKit/537.36 (KHTML, like Gecko) Chrome/95.0.4638.69 Safari/537.36 Edg/95.0.1020.53","false","Chrome","yes","","&quot;&quot;","","50","2021-11-15T14:49:05.000Z",312727,"4376","group_4","5.841121495327103",343269,"864","1536","25","de","DE","session_4",1,"2021-11-15T13:36:54.000Z","182","17","","Windows-PC","20.2 ms","121.9 ms",true,"95.0.4638.69 Safari/537.36 Edg/95.0.1020.53","864","1536"
15,"E_calibration",3,"E_calib","1","1","","","","","""times=1636987584064;1636987586167;1636987586888;1636987587869;1636987588847;1636987589794;1636987591023;1636987591983;1636987592834;1636987593537;1636987594211;1636987595029;1636987595803;1636987596623;1636987598229;1636987598988---values=270,180,0,90;270,180,0,90;180,270,90,0;180,0,270,90;270,0,180,90;180,90,0,270;90,180,270,0;90,0,180,270;270,0,90,180;270,90,180,0;180,0,270,90;90,180,0,270;180,90,270,0;0,90,270,180;270,90,0,180;0,90,270,180""","","","","","","","","","","","","","","","","","1","","","","""times=1636987586166;1636987586886;1636987587868;1636987588846;1636987589793;1636987591021;1636987591982;1636987592833;1636987593536;1636987594210;1636987595028;1636987595801;1636987596622;1636987598227;1636987598986;1636987601344---values=2;3;4;5;6;7;8;9;10;11;12;13;14;15;16;17""","","0","","","","","","","","","","","","1636987584066","","","","","","","","","","","","","","2","","","45;45;45;45;315;315;315;315;585;585;585;585;855;855;855;855","80;560;1040;1520;80;560;1040;1520;80;560;1040;1520;80;560;1040;1520","","","","","","","","","","","","","","","","8;1;6;12;5;4;9;7;14;10;3;13;15;11;16;2","","","","","""times=1636987584047;1636987584078;1636987586179;1636987586896;1636987587879;1636987588862;1636987589797;1636987591029;1636987591995;1636987592845;1636987593546;1636987594213;1636987595029;1636987595812;1636987596631;1636987598231;1636987598996;1636987601360---values=;16;2117;2834;3817;4800;5735;6967;7933;8783;9483;10151;10967;11750;12569;14169;14934;17298""","""times=1636987584047;1636987584063;1636987586166;1636987586886;1636987587868;1636987588846;1636987589793;1636987591021;1636987591982;1636987592833;1636987593536;1636987594210;1636987595028;1636987595801;1636987596622;1636987598227;1636987598986;1636987601344---values=;1636987584063;1636987586166;1636987586886;1636987587868;1636987588846;1636987589793;1636987591021;1636987591982;1636987592833;1636987593536;1636987594210;1636987595028;1636987595801;1636987596622;1636987598227;1636987598986;1636987601344""","","","false","blockNr_15_taskNr_3_trialNr_1_video_calib.webm","","","","Mozilla/5.0 (Windows NT 10.0; Win64; x64) AppleWebKit/537.36 (KHTML, like Gecko) Chrome/95.0.4638.69 Safari/537.36 Edg/95.0.1020.53","false","Chrome","yes","","&quot;&quot;","","50","2021-11-15T14:49:05.000Z",312727,"4376","group_4","5.841121495327103",343269,"864","1536","25","de","DE","session_4",1,"2021-11-15T13:36:54.000Z","182","17","","Windows-PC","20.2 ms","121.9 ms",true,"95.0.4638.69 Safari/537.36 Edg/95.0.1020.53","864","1536"
15,"E_calibration",2,"ex_E_calib","1","1","","","","","","","","","","","","2.5","","","","","","","","","","1","","","12;3;13;5;6;1;7;15;10;16;9;14;11;2;4;8","""times=1636987583376---values=1""","","0","","","","","","","","","","","","","","","","","","","","","","","","","","0","","","","","","","","","","","","","","","","","","","","1;2;3;4;5;6;7;8;9;10;11;12;13;14;15;16","","","","","","","","","false","","","","","Mozilla/5.0 (Windows NT 10.0; Win64; x64) AppleWebKit/537.36 (KHTML, like Gecko) Chrome/95.0.4638.69 Safari/537.36 Edg/95.0.1020.53","false","Chrome","yes","","&quot;&quot;","","50","2021-11-15T14:49:05.000Z",312727,"4376","group_4","5.841121495327103",343269,"864","1536","25","de","DE","session_4",1,"2021-11-15T13:36:54.000Z","182","17","","Windows-PC","20.2 ms","121.9 ms",true,"95.0.4638.69 Safari/537.36 Edg/95.0.1020.53","864","1536"
15,"E_calibration",1,"E_calib_instructions","1","1","","","","","","","","","","","","2.5","","","","","","","","","","1","","","","","","","","","","","","","","","","","","","","","","","","","","","","","","","","","","","","","","","","","","","","","","","","","","","","","","","","","","","","","","","","","","Mozilla/5.0 (Windows NT 10.0; Win64; x64) AppleWebKit/537.36 (KHTML, like Gecko) Chrome/95.0.4638.69 Safari/537.36 Edg/95.0.1020.53","false","Chrome","yes","","&quot;&quot;","","50","2021-11-15T14:49:05.000Z",312727,"4376","group_4","5.841121495327103",343269,"864","1536","25","de","DE","session_4",1,"2021-11-15T13:36:54.000Z","182","17","","Windows-PC","20.2 ms","121.9 ms",true,"95.0.4638.69 Safari/537.36 Edg/95.0.1020.53","864","1536"
13,"tasks (4,5,3,1,2)",15,"2. Smooth Pursuit","1","3","""times=1636987431505;1636987433428;1636987433445;1636987433478;1636987433511;1636987433528;1636987433544;1636987433578;1636987433594;1636987433628;1636987433661;1636987433677;1636987433695;1636987433728;1636987433744;1636987433778;1636987433794;1636987433828;1636987433861;1636987433878;1636987433894;1636987433928;1636987433961;1636987433978;1636987433994;1636987434028;1636987434044;1636987434078;1636987434094;1636987434128;1636987434144;1636987434178;1636987435328;1636987435361;1636987435378;1636987435411;1636987435444;1636987435461;1636987435478;1636987435511;1636987435528;1636987435561;1636987435578;1636987435611;1636987435628;1636987435661;1636987435677;1636987435711;1636987435728;1636987435761;1636987435778;1636987435812;1636987435828;1636987435861;1636987435878;1636987435911;1636987435928;1636987435961;1636987435978;1636987436011;1636987436028;1636987436061;1636987438145;1636987438177;1636987438194;1636987438227;1636987438261;1636987438277;1636987438294;1636987438327;1636987438344;1636987438377;1636987438395;1636987438427;1636987438444;1636987438477;1636987438494;1636987438527;1636987438547;1636987438578;1636987438594;1636987438627;1636987438644;1636987438677;1636987438694;1636987438727;1636987438744;1636987438778;1636987438811;1636987438827;1636987438844;1636987438877;1636987439662;1636987439694;1636987439711;1636987439744;1636987439761;1636987439794;1636987439811;1636987439844;1636987439877;1636987439894;1636987439910;1636987439944;1636987439977;1636987439994;1636987440011;1636987440044;1636987440061;1636987440094;1636987440110;1636987440144;1636987440161;1636987440194;1636987440210;1636987440244;1636987440277;1636987440294;1636987440311;1636987440344;1636987440360;1636987440394;1636987443427;1636987443444;1636987443477;1636987443494;1636987443527;1636987443543;1636987443577;1636987443594;1636987443628;1636987443644;1636987443677;1636987443694;1636987443727;1636987443743;1636987443777;1636987443793;1636987443827;1636987443843;1636987443877;1636987443893;1636987443927;1636987443960;1636987443977;1636987443994;1636987444027;1636987444044;1636987444077;1636987444093;1636987444127;1636987444143;1636987445726;1636987445760;1636987445793;1636987445810;1636987445827;1636987445860;1636987445893;1636987445910;1636987445927;1636987445960;1636987445993;1636987446010;1636987446044;1636987446061;1636987446083;1636987446110;1636987446143;1636987446160;1636987446177;1636987446211;1636987446226;1636987446260;1636987446277;1636987446310;1636987446343;1636987446360;1636987446377;1636987446411;1636987446444;1636987446460;1636987448226;1636987448260;1636987448276;1636987448293;1636987448326;1636987448360;1636987448376;1636987448393;1636987448426;1636987448444;1636987448476;1636987448510;1636987448526;1636987448543;1636987448576;1636987448593;1636987448626;1636987448643;1636987448676;1636987448710;1636987448726;1636987448743;1636987448776;1636987448793;1636987448826;1636987448843;1636987448876;1636987448909;1636987448926;1636987448944;1636987448976;1636987450060;1636987450093;1636987450109;1636987450143;1636987450160;1636987450194;1636987450210;1636987450243;1636987450259;1636987450293;1636987450309;1636987450343;1636987450359;1636987450393;1636987450426;1636987450443;1636987450459;1636987450493;1636987450509;1636987450543;1636987450559;1636987450593;1636987450609;1636987450643;1636987450659;1636987450693;1636987450710;1636987450743;1636987450759;1636987450793;1636987452577;1636987452609;1636987452626;1636987452659;1636987452676;1636987452709;1636987452726;1636987452760;1636987452776;1636987452809;1636987452827;1636987452859;1636987452876;1636987452910;1636987452926;1636987452959;1636987452976;1636987453009;1636987453026;1636987453059;1636987453076;1636987453109;1636987453126;1636987453160;1636987453176;1636987453209;1636987453226;1636987453260;1636987453276;1636987453309;1636987453326;1636987454326;1636987454359;1636987454376;1636987454409;1636987454427;1636987454460;1636987454476;1636987454509;1636987454526;1636987454559;1636987454576;1636987454609;1636987454642;1636987454659;1636987454676;1636987454709;1636987454726;1636987454760;1636987454776;1636987454809;1636987454826;1636987454860;1636987454877;1636987454909;1636987454926;1636987454959;1636987454976;1636987455009;1636987455026;1636987455059;1636987456742;1636987456759;1636987456792;1636987456809;1636987456842;1636987456859;1636987456892;1636987456909;1636987456942;1636987456959;1636987456992;1636987457009;1636987457042;1636987457059;1636987457092;1636987457109;1636987457142;1636987457159;1636987457193;1636987457209;1636987457242;1636987457259;1636987457293;1636987457310;1636987457342;1636987457358;1636987457392;1636987457409;1636987457442;1636987457459;1636987457492;1636987459059;1636987459092;1636987459109;1636987459142;1636987459175;1636987459192;1636987459209;1636987459242;1636987459275;1636987459292;1636987459309;1636987459342;1636987459360;1636987459392;1636987459408;1636987459442;1636987459458;1636987459492;1636987459509;1636987459542;1636987459559;1636987459592;1636987459608;1636987459642;1636987459675;1636987459692;1636987459709;1636987459743;1636987459758;1636987459792---values=;1917;1934;1967;2000;2017;2033;2067;2083;2117;2150;2166;2184;2217;2233;2267;2283;2317;2350;2367;2383;2417;2450;2467;2483;2517;2533;2567;2583;2617;2633;2667;3817;3850;3867;3900;3933;3950;3967;4000;4016;4050;4067;4100;4117;4150;4166;4200;4217;4250;4267;4300;4317;4350;4367;4400;4417;4450;4467;4500;4517;4550;6634;6666;6683;6716;6750;6766;6783;6816;6833;6866;6884;6916;6933;6966;6983;7016;7036;7066;7083;7116;7133;7166;7183;7216;7233;7267;7300;7316;7333;7366;8151;8183;8200;8233;8250;8283;8300;8333;8366;8383;8399;8433;8466;8483;8500;8533;8550;8583;8599;8633;8649;8683;8699;8733;8766;8783;8800;8833;8849;8883;11916;11933;11966;11983;12016;12032;12066;12083;12117;12133;12166;12183;12216;12232;12266;12282;12316;12332;12366;12382;12416;12449;12466;12483;12516;12532;12566;12582;12616;12632;14215;14249;14282;14299;14316;14349;14382;14399;14416;14449;14482;14499;14533;14550;14570;14599;14632;14649;14666;14700;14715;14749;14766;14799;14832;14849;14866;14900;14933;14949;16715;16748;16765;16782;16815;16849;16865;16882;16915;16933;16965;16999;17015;17032;17065;17082;17115;17132;17165;17199;17215;17232;17265;17282;17315;17332;17365;17398;17415;17433;17465;18549;18582;18598;18632;18649;18683;18699;18732;18748;18782;18798;18832;18848;18882;18915;18932;18948;18982;18998;19032;19048;19082;19098;19132;19148;19182;19199;19232;19248;19282;21066;21098;21115;21148;21165;21198;21215;21249;21265;21298;21316;21348;21365;21399;21415;21448;21465;21498;21515;21548;21565;21598;21615;21648;21665;21698;21715;21749;21765;21798;21815;22815;22848;22865;22898;22915;22948;22965;22998;23014;23048;23065;23098;23131;23148;23165;23198;23215;23249;23265;23298;23315;23349;23366;23398;23415;23448;23465;23498;23515;23548;25231;25248;25281;25298;25331;25348;25381;25398;25431;25448;25481;25498;25531;25548;25581;25598;25631;25648;25682;25698;25731;25748;25782;25798;25831;25847;25881;25898;25931;25948;25981;27548;27581;27598;27631;27664;27681;27698;27731;27764;27781;27798;27831;27849;27881;27897;27931;27947;27981;27998;28031;28048;28081;28097;28131;28164;28181;28198;28232;28247;28281""","0;300;210;240;30;120;270;330;90;60;180;150","""times=1636987431505;1636987433402;1636987435304;1636987438128;1636987439640;1636987443402;1636987445710;1636987448196;1636987450035;1636987452560;1636987454309;1636987456713;1636987459050---values=;1891;3793;6617;8129;11891;14199;16685;18524;21049;22798;25202;27539""","""times=1636987433389;1636987434195;1636987435295;1636987436076;1636987438115;1636987438898;1636987439628;1636987440407;1636987443386;1636987444162;1636987445698;1636987446477;1636987448187;1636987448996;1636987450026;1636987450812;1636987452545;1636987453348;1636987454293;1636987455073;1636987456701;1636987457504;1636987459028;1636987459809---values=true;false;true;false;true;false;true;false;true;false;true;false;true;false;true;false;true;false;true;false;true;false;true;false""","","","","","","","","","","","","","","","","","""times=1636987431505;1636987432787;1636987434741;1636987437368;1636987439413;1636987441720;1636987444791;1636987447659;1636987449819;1636987451910;1636987454088;1636987455667;1636987458345---values=;1276;3230;5856;7902;10209;13280;16148;18308;20399;22577;24156;26834""","1","","","","","""times=1636987433386;1636987435294;1636987438113;1636987439627;1636987443385;1636987445697;1636987448186;1636987450025;1636987452543;1636987454292;1636987456700;1636987459027---values=0;5.23599;3.6651930000000004;4.188792;0.523599;2.094396;4.712391;5.759589;1.5707970000000002;1.047198;3.1415940000000004;2.617995""","0","","","","","","","","","","","1636987461106","1636987431511","","","","","","","","","","","","","","","","","","","","","","blockNr_13_taskNr_15_trialNr_1_pursuit_rec.webm","""times=1636987431505;1636987431523;1636987433401;1636987435302;1636987438126;1636987439639;1636987443401;1636987445707;1636987448195;1636987450034;1636987452556;1636987454307;1636987456712;1636987459048---values=;595.6587072106867;547.9902500720228;743.8387029522733;210.11281275918353;1660.3947471385327;904.4906796029603;520.9464782897331;200;632.8882980012011;200;1032.4399325113543;679.2124137071836;200""","","","","","2","28806","","""times=1636987431505;1636987434712;1636987436595;1636987439412;1636987440930;1636987444677;1636987446994;1636987449510;1636987451327;1636987453860;1636987455577;1636987458013;1636987460326---values=;3201;5084;7900;9419;13166;15483;17999;19815;22349;24066;26502;28815""","","","","","","""times=1636987434194;1636987434699;1636987436075;1636987436586;1636987438894;1636987439404;1636987440407;1636987440910;1636987444162;1636987444666;1636987446476;1636987446978;1636987448993;1636987449501;1636987450809;1636987451313;1636987453347;1636987453849;1636987455072;1636987455575;1636987457503;1636987458009;1636987459808;1636987460315---values=true;false;true;false;true;false;true;false;true;false;true;false;true;false;true;false;true;false;true;false;true;false;true;false""","","","","","","false","","","","","Mozilla/5.0 (Windows NT 10.0; Win64; x64) AppleWebKit/537.36 (KHTML, like Gecko) Chrome/95.0.4638.69 Safari/537.36 Edg/95.0.1020.53","false","Chrome","yes","","&quot;&quot;","","50","2021-11-15T14:49:05.000Z",312727,"4376","group_4","5.841121495327103",343269,"864","1536","25","de","DE","session_4",1,"2021-11-15T13:36:54.000Z","182","17","","Windows-PC","20.2 ms","121.9 ms",true,"95.0.4638.69 Safari/537.36 Edg/95.0.1020.53","864","1536"
13,"tasks (4,5,3,1,2)",15,"2. Smooth Pursuit","2","4","""times=1636987461118;1636987462475;1636987462508;1636987462525;1636987462558;1636987462575;1636987462608;1636987462625;1636987462658;1636987462675;1636987462708;1636987462725;1636987462758;1636987462791;1636987462808;1636987462825;1636987462858;1636987462875;1636987462908;1636987462925;1636987462958;1636987462975;1636987463008;1636987463025;1636987463058;1636987463075;1636987463108;1636987463125;1636987463158;1636987463175;1636987463208;1636987465758;1636987465774;1636987465808;1636987465826;1636987465858;1636987465874;1636987465908;1636987465925;1636987465958;1636987465975;1636987466008;1636987466024;1636987466058;1636987466075;1636987466108;1636987466124;1636987466160;1636987466192;1636987466208;1636987466224;1636987466258;1636987466275;1636987466308;1636987466341;1636987466358;1636987466375;1636987466408;1636987466425;1636987466458;1636987466475;1636987467574;1636987467608;1636987467624;1636987467659;1636987467674;1636987467708;1636987467724;1636987467758;1636987467774;1636987467808;1636987467824;1636987467858;1636987467891;1636987467908;1636987467924;1636987467958;1636987467974;1636987468007;1636987468024;1636987468058;1636987468074;1636987468108;1636987468124;1636987468158;1636987468175;1636987468207;1636987468224;1636987468258;1636987468274;1636987468308;1636987468341;1636987469424;1636987469457;1636987469474;1636987469491;1636987469524;1636987469557;1636987469574;1636987469591;1636987469624;1636987469641;1636987469674;1636987469692;1636987469725;1636987469741;1636987469774;1636987469807;1636987469824;1636987469841;1636987469874;1636987469907;1636987469924;1636987469957;1636987469974;1636987469991;1636987470024;1636987470041;1636987470074;1636987470107;1636987470124;1636987470141;1636987470174;1636987471641;1636987471657;1636987471690;1636987471724;1636987471740;1636987471757;1636987471790;1636987471824;1636987471841;1636987471857;1636987471891;1636987471907;1636987471941;1636987471974;1636987471990;1636987472008;1636987472040;1636987472074;1636987472090;1636987472108;1636987472140;1636987472157;1636987472190;1636987472225;1636987472241;1636987472257;1636987472290;1636987472307;1636987472340;1636987472374;1636987472390;1636987473275;1636987473308;1636987473324;1636987473357;1636987473374;1636987473407;1636987473424;1636987473457;1636987473474;1636987473507;1636987473524;1636987473557;1636987473574;1636987473607;1636987473640;1636987473657;1636987473674;1636987473707;1636987473740;1636987473757;1636987473774;1636987473807;1636987473824;1636987473858;1636987473874;1636987473907;1636987473923;1636987473957;1636987473990;1636987474007;1636987474024;1636987475707;1636987475723;1636987475757;1636987475773;1636987475807;1636987475823;1636987475857;1636987475873;1636987475907;1636987475923;1636987475957;1636987475973;1636987476007;1636987476023;1636987476057;1636987476073;1636987476107;1636987476123;1636987476157;1636987476173;1636987476207;1636987476223;1636987476257;1636987476273;1636987476307;1636987476323;1636987476357;1636987476373;1636987476407;1636987476423;1636987478140;1636987478156;1636987478174;1636987478208;1636987478240;1636987478256;1636987478274;1636987478307;1636987478340;1636987478356;1636987478373;1636987478406;1636987478423;1636987478457;1636987478473;1636987478506;1636987478523;1636987478556;1636987478574;1636987478607;1636987478623;1636987478656;1636987478690;1636987478706;1636987478723;1636987478757;1636987478773;1636987478806;1636987478823;1636987478856;1636987479756;1636987479773;1636987479806;1636987479823;1636987479856;1636987479873;1636987479906;1636987479923;1636987479956;1636987479973;1636987480006;1636987480040;1636987480057;1636987480073;1636987480106;1636987480123;1636987480156;1636987480173;1636987480207;1636987480223;1636987480256;1636987480273;1636987480306;1636987480339;1636987480357;1636987480373;1636987480406;1636987480423;1636987480457;1636987480473;1636987481289;1636987481307;1636987481339;1636987481356;1636987481389;1636987481406;1636987481447;1636987481456;1636987481489;1636987481507;1636987481539;1636987481556;1636987481589;1636987481623;1636987481639;1636987481657;1636987481690;1636987481706;1636987481739;1636987481756;1636987481790;1636987481806;1636987481839;1636987481856;1636987481889;1636987481906;1636987481939;1636987481956;1636987481990;1636987482006;1636987482956;1636987482973;1636987483006;1636987483023;1636987483056;1636987483073;1636987483106;1636987483123;1636987483156;1636987483173;1636987483206;1636987483222;1636987483256;1636987483273;1636987483306;1636987483324;1636987483356;1636987483389;1636987483406;1636987483422;1636987483456;1636987483472;1636987483506;1636987483523;1636987483556;1636987483573;1636987483606;1636987483622;1636987483656;1636987483672;1636987485506;1636987485523;1636987485556;1636987485574;1636987485606;1636987485639;1636987485656;1636987485673;1636987485706;1636987485742;1636987485756;1636987485772;1636987485806;1636987485822;1636987485856;1636987485872;1636987485906;1636987485922;1636987485956;1636987485989;1636987486006;1636987486023;1636987486056;1636987486072;1636987486105;1636987486122;1636987486163;1636987486173;1636987486206;1636987486222---values=;1356;1389;1406;1439;1456;1489;1506;1539;1556;1589;1606;1639;1672;1689;1706;1739;1756;1789;1806;1839;1856;1889;1906;1939;1956;1989;2006;2039;2056;2089;4639;4655;4689;4707;4739;4755;4789;4806;4839;4856;4889;4905;4939;4956;4989;5005;5041;5073;5089;5105;5139;5156;5189;5222;5239;5256;5289;5306;5339;5356;6455;6489;6505;6540;6555;6589;6605;6639;6655;6689;6705;6739;6772;6788;6805;6839;6855;6888;6905;6939;6955;6989;7005;7039;7056;7088;7105;7139;7155;7189;7222;8305;8338;8355;8372;8405;8438;8455;8472;8505;8522;8555;8573;8606;8622;8655;8688;8705;8722;8755;8788;8805;8838;8855;8872;8905;8922;8955;8988;9005;9022;9055;10522;10538;10571;10605;10621;10638;10671;10705;10722;10738;10772;10788;10822;10855;10871;10889;10921;10955;10971;10989;11021;11038;11071;11106;11122;11138;11171;11188;11221;11255;11271;12156;12189;12205;12238;12255;12288;12305;12338;12355;12388;12405;12438;12454;12488;12521;12538;12555;12588;12621;12638;12655;12688;12705;12739;12755;12788;12804;12838;12871;12888;12905;14588;14604;14638;14654;14688;14704;14738;14754;14788;14804;14838;14854;14888;14904;14938;14954;14988;15004;15038;15054;15088;15104;15138;15154;15188;15204;15238;15254;15288;15304;17021;17037;17055;17089;17121;17137;17155;17188;17221;17237;17254;17287;17304;17338;17354;17387;17404;17437;17455;17488;17504;17537;17571;17587;17604;17638;17654;17687;17704;17737;18637;18654;18687;18704;18737;18754;18787;18804;18837;18854;18887;18921;18938;18954;18987;19004;19037;19054;19088;19104;19137;19154;19187;19220;19238;19254;19287;19304;19338;19354;20170;20188;20220;20237;20270;20287;20328;20337;20370;20388;20420;20437;20470;20504;20520;20538;20570;20587;20620;20637;20671;20687;20720;20737;20770;20787;20820;20837;20871;20887;21837;21854;21887;21904;21937;21954;21987;22004;22037;22054;22087;22103;22137;22154;22187;22205;22237;22270;22287;22303;22337;22353;22387;22404;22437;22454;22487;22503;22537;22553;24387;24404;24437;24455;24487;24520;24537;24554;24587;24623;24637;24653;24687;24703;24737;24753;24787;24803;24837;24870;24887;24904;24937;24953;24986;25003;25044;25054;25087;25103""","210;30;90;270;0;180;60;330;300;150;120;240","""times=1636987461118;1636987462450;1636987465737;1636987467553;1636987469399;1636987471617;1636987473254;1636987475677;1636987478107;1636987479733;1636987481261;1636987482935;1636987485479---values=;1331;4618;6434;8280;10498;12135;14558;16988;18614;20142;21816;24360""","""times=1636987462442;1636987463225;1636987465718;1636987466495;1636987467541;1636987468348;1636987469388;1636987470192;1636987471603;1636987472408;1636987473241;1636987474050;1636987475666;1636987476447;1636987478093;1636987478873;1636987479716;1636987480493;1636987481249;1636987482027;1636987482916;1636987483695;1636987485466;1636987486246---values=true;false;true;false;true;false;true;false;true;false;true;false;true;false;true;false;true;false;true;false;true;false;true;false""","","","","","","","","","","","","","","","","","""times=1636987461118;1636987462237;1636987464066;1636987467337;1636987469184;1636987470965;1636987473029;1636987475368;1636987477546;1636987479510;1636987481003;1636987482654;1636987484552---values=;1118;2947;6218;8064;9846;11910;14249;16427;18391;19884;21535;23433""","1","","","","","""times=1636987461117;1636987462441;1636987465718;1636987467540;1636987469387;1636987471602;1636987473240;1636987475665;1636987478092;1636987479714;1636987481248;1636987482914;1636987485465---values=;3.6651930000000004;0.523599;1.5707970000000002;4.712391;0;3.1415940000000004;1.047198;5.759589;5.23599;2.617995;2.094396;4.188792""","0","","","","","","","","","","","1636987487508","1636987461119","","","","","","","","","","","","","","","","","","","","","","blockNr_13_taskNr_15_trialNr_2_pursuit_rec.webm","""times=1636987461117;1636987461136;1636987462449;1636987465735;1636987469398;1636987471616;1636987473253;1636987475676;1636987478101;1636987479732;1636987481260;1636987482934;1636987485477---values=;200;1651.2497486072737;200;633.9283041114186;200;288.406312110606;545.0431102624043;200;241.6010952736261;255.26957474975754;906.42181237998;630.2903142070015""","","","","","1","25632","","""times=1636987461118;1636987463743;1636987467008;1636987468859;1636987470708;1636987472924;1636987474559;1636987476957;1636987479390;1636987481008;1636987482540;1636987484206;1636987486758---values=;2624;5889;7740;9589;11805;13440;15838;18271;19889;21421;23087;25639""","","","","","","""times=1636987463225;1636987463733;1636987466495;1636987467000;1636987468344;1636987468856;1636987470189;1636987470694;1636987472407;1636987472910;1636987474049;1636987474557;1636987476446;1636987476948;1636987478873;1636987479375;1636987480492;1636987481000;1636987482026;1636987482531;1636987483693;1636987484202;1636987486245;1636987486748---values=true;false;true;false;true;false;true;false;true;false;true;false;true;false;true;false;true;false;true;false;true;false;true;false""","","","","","","false","","","","","Mozilla/5.0 (Windows NT 10.0; Win64; x64) AppleWebKit/537.36 (KHTML, like Gecko) Chrome/95.0.4638.69 Safari/537.36 Edg/95.0.1020.53","false","Chrome","yes","","&quot;&quot;","","50","2021-11-15T14:49:05.000Z",312727,"4376","group_4","5.841121495327103",343269,"864","1536","25","de","DE","session_4",1,"2021-11-15T13:36:54.000Z","182","17","","Windows-PC","20.2 ms","121.9 ms",true,"95.0.4638.69 Safari/537.36 Edg/95.0.1020.53","864","1536"
13,"tasks (4,5,3,1,2)",15,"2. Smooth Pursuit","3","2","""times=1636987487529;1636987489439;1636987489455;1636987489489;1636987489505;1636987489539;1636987489555;1636987489589;1636987489605;1636987489639;1636987489655;1636987489689;1636987489705;1636987489739;1636987489755;1636987489789;1636987489805;1636987489839;1636987489856;1636987489897;1636987489905;1636987489939;1636987489956;1636987489989;1636987490005;1636987490039;1636987490055;1636987490088;1636987490106;1636987490139;1636987490155;1636987491422;1636987491455;1636987491472;1636987491505;1636987491540;1636987491555;1636987491572;1636987491605;1636987491638;1636987491655;1636987491673;1636987491705;1636987491722;1636987491755;1636987491772;1636987491805;1636987491822;1636987491856;1636987491872;1636987491905;1636987491922;1636987491955;1636987491972;1636987492005;1636987492022;1636987492055;1636987492072;1636987492105;1636987492139;1636987492155;1636987493938;1636987493972;1636987494005;1636987494021;1636987494038;1636987494071;1636987494088;1636987494121;1636987494139;1636987494171;1636987494189;1636987494222;1636987494239;1636987494271;1636987494289;1636987494322;1636987494338;1636987494371;1636987494388;1636987494422;1636987494455;1636987494471;1636987494488;1636987494522;1636987494555;1636987494571;1636987494588;1636987494623;1636987494655;1636987494671;1636987494687;1636987497354;1636987497371;1636987497404;1636987497422;1636987497454;1636987497470;1636987497504;1636987497520;1636987497554;1636987497570;1636987497604;1636987497620;1636987497654;1636987497671;1636987497704;1636987497720;1636987497754;1636987497787;1636987497804;1636987497837;1636987497856;1636987497871;1636987497904;1636987497920;1636987497954;1636987497971;1636987498004;1636987498037;1636987498054;1636987498070;1636987499204;1636987499237;1636987499253;1636987499287;1636987499304;1636987499337;1636987499371;1636987499403;1636987499437;1636987499454;1636987499471;1636987499504;1636987499537;1636987499554;1636987499587;1636987499604;1636987499637;1636987499654;1636987499687;1636987499704;1636987499737;1636987499754;1636987499787;1636987499803;1636987499837;1636987499854;1636987499887;1636987499904;1636987499937;1636987501587;1636987501603;1636987501636;1636987501654;1636987501687;1636987501703;1636987501737;1636987501754;1636987501787;1636987501804;1636987501837;1636987501870;1636987501887;1636987501904;1636987501937;1636987501953;1636987501987;1636987502003;1636987502037;1636987502070;1636987502086;1636987502103;1636987502137;1636987502154;1636987502187;1636987502204;1636987502237;1636987502254;1636987502287;1636987502320;1636987503436;1636987503453;1636987503487;1636987503503;1636987503536;1636987503553;1636987503587;1636987503603;1636987503637;1636987503653;1636987503686;1636987503720;1636987503737;1636987503754;1636987503787;1636987503804;1636987503837;1636987503853;1636987503872;1636987503904;1636987503937;1636987503953;1636987503986;1636987504003;1636987504036;1636987504053;1636987504086;1636987504120;1636987504136;1636987504153;1636987504187;1636987505186;1636987505204;1636987505236;1636987505270;1636987505287;1636987505304;1636987505336;1636987505354;1636987505386;1636987505404;1636987505436;1636987505470;1636987505486;1636987505503;1636987505536;1636987505570;1636987505586;1636987505603;1636987505636;1636987505670;1636987505686;1636987505703;1636987505736;1636987505770;1636987505786;1636987505803;1636987505836;1636987505871;1636987505886;1636987505920;1636987505936;1636987507986;1636987508019;1636987508036;1636987508053;1636987508086;1636987508119;1636987508136;1636987508153;1636987508187;1636987508203;1636987508236;1636987508272;1636987508286;1636987508303;1636987508336;1636987508354;1636987508386;1636987508402;1636987508436;1636987508469;1636987508486;1636987508503;1636987508536;1636987508552;1636987508586;1636987508619;1636987508636;1636987508653;1636987508686;1636987508706;1636987510336;1636987510352;1636987510370;1636987510402;1636987510419;1636987510452;1636987510469;1636987510503;1636987510520;1636987510552;1636987510586;1636987510603;1636987510619;1636987510653;1636987510669;1636987510702;1636987510719;1636987510753;1636987510769;1636987510802;1636987510819;1636987510852;1636987510886;1636987510902;1636987510920;1636987510952;1636987510986;1636987511002;1636987511019;1636987511052;1636987512269;1636987512302;1636987512319;1636987512352;1636987512370;1636987512402;1636987512419;1636987512452;1636987512469;1636987512502;1636987512519;1636987512553;1636987512569;1636987512602;1636987512619;1636987512652;1636987512685;1636987512702;1636987512719;1636987512752;1636987512769;1636987512802;1636987512819;1636987512852;1636987512869;1636987512902;1636987512919;1636987512953;1636987512969;1636987513002;1636987514069;1636987514102;1636987514119;1636987514152;1636987514169;1636987514202;1636987514219;1636987514252;1636987514268;1636987514302;1636987514319;1636987514352;1636987514369;1636987514402;1636987514418;1636987514452;1636987514469;1636987514502;1636987514518;1636987514552;1636987514569;1636987514602;1636987514619;1636987514653;1636987514669;1636987514702;1636987514720;1636987514752;1636987514769;1636987514802;1636987514819---values=;1908;1924;1958;1974;2008;2024;2058;2074;2108;2124;2158;2174;2208;2224;2258;2274;2308;2325;2366;2374;2408;2425;2458;2474;2508;2524;2557;2575;2608;2624;3891;3924;3941;3974;4009;4024;4041;4074;4107;4124;4142;4174;4191;4224;4241;4274;4291;4325;4341;4374;4391;4424;4441;4474;4491;4524;4541;4574;4608;4624;6407;6441;6474;6490;6507;6540;6557;6590;6608;6640;6658;6691;6708;6740;6758;6791;6807;6840;6857;6891;6924;6940;6957;6991;7024;7040;7057;7092;7124;7140;7156;9823;9840;9873;9891;9923;9939;9973;9989;10023;10039;10073;10089;10123;10140;10173;10189;10223;10256;10273;10306;10325;10340;10373;10389;10423;10440;10473;10506;10523;10539;11673;11706;11722;11756;11772;11806;11840;11872;11906;11923;11940;11973;12006;12023;12056;12073;12106;12123;12156;12172;12206;12223;12256;12272;12306;12323;12356;12373;12406;14056;14072;14105;14123;14156;14172;14206;14223;14256;14273;14306;14339;14356;14373;14406;14422;14456;14472;14506;14539;14555;14572;14606;14623;14656;14673;14706;14723;14756;14789;15905;15922;15956;15972;16005;16022;16056;16072;16105;16122;16155;16189;16206;16223;16256;16273;16306;16322;16341;16373;16406;16422;16455;16472;16505;16522;16555;16589;16605;16622;16656;17655;17673;17705;17739;17756;17773;17805;17822;17855;17873;17905;17939;17955;17972;18005;18038;18055;18072;18105;18138;18155;18172;18205;18239;18255;18272;18305;18340;18355;18388;18405;20455;20488;20505;20522;20555;20588;20605;20622;20656;20672;20705;20741;20755;20772;20805;20823;20855;20871;20905;20938;20955;20972;21005;21021;21055;21088;21105;21122;21155;21175;22805;22821;22839;22871;22888;22921;22938;22972;22989;23021;23055;23072;23088;23122;23138;23171;23188;23222;23238;23271;23288;23321;23355;23371;23389;23421;23455;23471;23488;23521;24738;24771;24788;24821;24839;24871;24888;24921;24938;24971;24988;25022;25038;25071;25088;25121;25154;25171;25188;25221;25238;25271;25288;25321;25338;25371;25388;25422;25438;25471;26538;26571;26587;26621;26638;26671;26688;26721;26737;26771;26788;26821;26838;26871;26887;26921;26938;26971;26987;27021;27038;27071;27088;27121;27138;27171;27189;27221;27238;27271;27288""","240;330;90;210;60;30;0;180;300;120;150;270","""times=1636987487529;1636987489414;1636987491405;1636987493923;1636987497329;1636987499181;1636987501562;1636987503408;1636987505165;1636987507965;1636987510307;1636987512244;1636987514048---values=;1883;3874;6392;9798;11650;14031;15877;17634;20434;22776;24713;26517""","""times=1636987489395;1636987490173;1636987491391;1636987492170;1636987493909;1636987494711;1636987497313;1636987498093;1636987499169;1636987499949;1636987501548;1636987502330;1636987503394;1636987504200;1636987505151;1636987505954;1636987507948;1636987508734;1636987510287;1636987511069;1636987512236;1636987513015;1636987514036;1636987514838---values=true;false;true;false;true;false;true;false;true;false;true;false;true;false;true;false;true;false;true;false;true;false;true;false""","","","","","","","","","","","","","","","","","""times=1636987487529;1636987488097;1636987491008;1636987493705;1636987496086;1636987498864;1636987500767;1636987503190;1636987504754;1636987507474;1636987509275;1636987511696;1636987513736---values=;566;3477;6174;8555;11333;13236;15659;17223;19943;21744;24165;26204""","1","","","","","""times=1636987487528;1636987489393;1636987491388;1636987493908;1636987497312;1636987499168;1636987501545;1636987503392;1636987505149;1636987507947;1636987510286;1636987512235;1636987514034---values=;4.188792;5.759589;1.5707970000000002;3.6651930000000004;1.047198;0.523599;0;3.1415940000000004;5.23599;2.094396;2.617995;4.712391""","0","","","","","","","","","","","1636987516184","1636987487531","","","","","","","","","","","","","","","","","","","","","","blockNr_13_taskNr_15_trialNr_3_pursuit_rec.webm","""times=1636987487527;1636987487551;1636987489412;1636987491403;1636987493917;1636987497328;1636987499180;1636987501560;1636987503407;1636987505163;1636987507964;1636987510302;1636987512243;1636987514047---values=;1294.936650575354;375.4940272737043;200;1224.0815335302616;300.4512843946593;771.3453519766673;200;383.2814835637031;470.31104380073253;1008.0897697879902;537.9341703847023;297.25639245010683;231.3658814557324""","","","","","1","27812","","""times=1636987487529;1636987490689;1636987492689;1636987495222;1636987498605;1636987500471;1636987502838;1636987504720;1636987506470;1636987509253;1636987511586;1636987513522;1636987515378---values=;3158;5158;7691;11074;12940;15307;17189;18939;21722;24055;25991;27847""","","","","","","""times=1636987490172;1636987490679;1636987492170;1636987492672;1636987494710;1636987495212;1636987498091;1636987498595;1636987499948;1636987500453;1636987502330;1636987502834;1636987504200;1636987504703;1636987505953;1636987506461;1636987508732;1636987509238;1636987511068;1636987511571;1636987513015;1636987513520;1636987514838;1636987515341---values=true;false;true;false;true;false;true;false;true;false;true;false;true;false;true;false;true;false;true;false;true;false;true;false""","","","","","","false","","","","","Mozilla/5.0 (Windows NT 10.0; Win64; x64) AppleWebKit/537.36 (KHTML, like Gecko) Chrome/95.0.4638.69 Safari/537.36 Edg/95.0.1020.53","false","Chrome","yes","","&quot;&quot;","","50","2021-11-15T14:49:05.000Z",312727,"4376","group_4","5.841121495327103",343269,"864","1536","25","de","DE","session_4",1,"2021-11-15T13:36:54.000Z","182","17","","Windows-PC","20.2 ms","121.9 ms",true,"95.0.4638.69 Safari/537.36 Edg/95.0.1020.53","864","1536"
13,"tasks (4,5,3,1,2)",15,"2. Smooth Pursuit","4","5","""times=1636987516200;1636987518556;1636987518586;1636987518603;1636987518636;1636987518652;1636987518686;1636987518719;1636987518736;1636987518753;1636987518785;1636987518802;1636987518835;1636987518853;1636987518885;1636987518918;1636987518935;1636987518952;1636987518985;1636987519018;1636987519052;1636987519085;1636987519119;1636987519135;1636987519153;1636987519185;1636987519202;1636987519235;1636987519268;1636987519285;1636987519302;1636987521201;1636987521218;1636987521251;1636987521268;1636987521301;1636987521318;1636987521351;1636987521385;1636987521401;1636987521419;1636987521452;1636987521469;1636987521501;1636987521518;1636987521551;1636987521569;1636987521601;1636987521618;1636987521651;1636987521668;1636987521701;1636987521718;1636987521751;1636987521769;1636987521801;1636987521818;1636987521851;1636987521884;1636987521901;1636987521918;1636987523435;1636987523451;1636987523470;1636987523501;1636987523536;1636987523551;1636987523568;1636987523601;1636987523634;1636987523651;1636987523668;1636987523701;1636987523735;1636987523752;1636987523768;1636987523801;1636987523835;1636987523851;1636987523869;1636987523902;1636987523918;1636987523951;1636987523984;1636987524001;1636987524018;1636987524051;1636987524068;1636987524101;1636987524118;1636987524151;1636987526451;1636987526468;1636987526501;1636987526534;1636987526551;1636987526568;1636987526601;1636987526634;1636987526651;1636987526668;1636987526701;1636987526717;1636987526751;1636987526767;1636987526801;1636987526818;1636987526851;1636987526884;1636987526901;1636987526918;1636987526951;1636987526984;1636987527001;1636987527019;1636987527052;1636987527068;1636987527101;1636987527118;1636987527151;1636987527184;1636987528451;1636987528468;1636987528501;1636987528518;1636987528551;1636987528567;1636987528601;1636987528634;1636987528651;1636987528684;1636987528700;1636987528717;1636987528750;1636987528768;1636987528800;1636987528818;1636987528851;1636987528884;1636987528900;1636987528918;1636987528950;1636987528984;1636987529000;1636987529019;1636987529052;1636987529067;1636987529100;1636987529118;1636987529150;1636987529168;1636987529201;1636987530634;1636987530667;1636987530684;1636987530717;1636987530734;1636987530767;1636987530784;1636987530817;1636987530834;1636987530867;1636987530901;1636987530917;1636987530934;1636987530967;1636987531000;1636987531017;1636987531034;1636987531067;1636987531085;1636987531117;1636987531150;1636987531167;1636987531184;1636987531217;1636987531233;1636987531267;1636987531300;1636987531317;1636987531334;1636987531367;1636987532483;1636987532500;1636987532533;1636987532550;1636987532583;1636987532600;1636987532633;1636987532667;1636987532683;1636987532700;1636987532734;1636987532750;1636987532783;1636987532800;1636987532834;1636987532867;1636987532883;1636987532900;1636987532933;1636987532951;1636987532983;1636987533000;1636987533034;1636987533050;1636987533085;1636987533100;1636987533134;1636987533150;1636987533183;1636987533200;1636987534816;1636987534850;1636987534866;1636987534900;1636987534916;1636987534950;1636987534967;1636987535000;1636987535016;1636987535050;1636987535067;1636987535100;1636987535134;1636987535150;1636987535166;1636987535200;1636987535216;1636987535250;1636987535268;1636987535300;1636987535316;1636987535350;1636987535367;1636987535400;1636987535416;1636987535450;1636987535467;1636987535500;1636987535516;1636987535550;1636987537449;1636987537467;1636987537499;1636987537533;1636987537550;1636987537566;1636987537600;1636987537633;1636987537650;1636987537667;1636987537700;1636987537733;1636987537749;1636987537766;1636987537800;1636987537817;1636987537850;1636987537866;1636987537900;1636987537933;1636987537968;1636987537999;1636987538033;1636987538049;1636987538067;1636987538099;1636987538117;1636987538149;1636987538166;1636987539883;1636987539916;1636987539933;1636987539966;1636987539983;1636987540016;1636987540033;1636987540066;1636987540099;1636987540116;1636987540133;1636987540166;1636987540183;1636987540216;1636987540233;1636987540266;1636987540283;1636987540316;1636987540334;1636987540367;1636987540400;1636987540416;1636987540433;1636987540466;1636987540483;1636987540516;1636987540550;1636987540566;1636987540583;1636987540616;1636987541483;1636987541516;1636987541532;1636987541566;1636987541582;1636987541616;1636987541632;1636987541666;1636987541699;1636987541716;1636987541733;1636987541766;1636987541799;1636987541816;1636987541833;1636987541866;1636987541883;1636987541916;1636987541933;1636987541966;1636987541999;1636987542016;1636987542032;1636987542066;1636987542082;1636987542116;1636987542132;1636987542166;1636987542183;1636987542216;1636987542232;1636987544365;1636987544383;1636987544399;1636987544433;1636987544449;1636987544482;1636987544499;1636987544532;1636987544566;1636987544583;1636987544599;1636987544632;1636987544665;1636987544682;1636987544699;1636987544733;1636987544765;1636987544783;1636987544799;1636987544832;1636987544866;1636987544882;1636987544899;1636987544932;1636987544966;1636987544982;1636987544999;1636987545032;1636987545049;1636987545082;1636987545115---values=;2352;2383;2400;2433;2449;2483;2516;2533;2550;2582;2599;2632;2650;2682;2715;2732;2749;2782;2815;2849;2882;2916;2932;2950;2982;2999;3032;3065;3082;3099;4998;5015;5048;5065;5098;5115;5148;5182;5198;5216;5249;5266;5298;5315;5348;5366;5398;5415;5448;5465;5498;5515;5548;5566;5598;5615;5648;5681;5698;5715;7232;7248;7267;7298;7333;7348;7365;7398;7431;7448;7465;7498;7532;7549;7565;7598;7632;7648;7666;7699;7715;7748;7781;7798;7815;7848;7865;7898;7915;7948;10248;10265;10298;10331;10348;10365;10398;10431;10448;10465;10498;10514;10548;10564;10598;10615;10648;10681;10698;10714;10748;10781;10798;10816;10849;10865;10898;10915;10948;10981;12247;12265;12297;12315;12348;12364;12398;12431;12448;12481;12497;12514;12547;12565;12597;12615;12648;12681;12697;12714;12747;12781;12797;12816;12849;12864;12897;12915;12947;12965;12998;14431;14464;14481;14514;14530;14564;14581;14614;14631;14664;14697;14714;14731;14764;14797;14814;14831;14864;14882;14914;14947;14964;14981;15014;15030;15064;15097;15114;15131;15164;16280;16297;16330;16347;16380;16397;16430;16464;16480;16497;16531;16547;16580;16597;16631;16664;16680;16697;16730;16748;16780;16797;16831;16847;16882;16897;16931;16947;16980;16997;18613;18647;18663;18697;18713;18747;18764;18797;18813;18847;18864;18897;18931;18947;18963;18997;19013;19047;19065;19097;19113;19147;19164;19197;19213;19247;19264;19297;19313;19347;21246;21264;21296;21330;21347;21363;21396;21430;21447;21464;21497;21530;21546;21563;21597;21614;21647;21663;21697;21730;21765;21796;21830;21846;21864;21896;21914;21946;21963;23680;23713;23730;23763;23780;23813;23830;23863;23896;23913;23930;23963;23980;24013;24030;24063;24080;24113;24131;24164;24197;24213;24230;24263;24280;24313;24346;24363;24380;24413;25280;25313;25329;25363;25379;25413;25429;25463;25496;25513;25530;25563;25596;25613;25630;25663;25680;25713;25730;25763;25796;25813;25829;25863;25879;25913;25929;25963;25980;26013;26029;28162;28180;28196;28230;28246;28279;28296;28329;28363;28380;28396;28429;28462;28479;28496;28530;28562;28580;28596;28629;28663;28679;28696;28729;28763;28779;28796;28829;28846;28879;28912""","180;150;330;210;0;30;240;60;300;120;270;90","""times=1636987516200;1636987518553;1636987521172;1636987523402;1636987526426;1636987528424;1636987530617;1636987532455;1636987534800;1636987537435;1636987539869;1636987541466;1636987544333---values=;2350;4969;7199;10223;12221;14414;16252;18597;21232;23666;25263;28130""","""times=1636987518521;1636987519331;1636987521160;1636987521947;1636987523391;1636987524168;1636987526413;1636987527193;1636987528414;1636987529215;1636987530602;1636987531378;1636987532443;1636987533224;1636987534785;1636987535564;1636987537413;1636987538194;1636987539851;1636987540630;1636987541450;1636987542258;1636987544322;1636987545132---values=true;false;true;false;true;false;true;false;true;false;true;false;true;false;true;false;true;false;true;false;true;false;true;false""","","","","","","","","","","","","","","","","","""times=1636987516200;1636987516855;1636987519862;1636987523184;1636987525040;1636987527733;1636987530392;1636987532199;1636987534363;1636987536827;1636987539646;1636987541237;1636987543813---values=;652;3659;6981;8837;11530;14189;15996;18160;20624;23443;25034;27610""","1","","","","","""times=1636987516199;1636987518519;1636987521159;1636987523390;1636987526412;1636987528413;1636987530600;1636987532441;1636987534783;1636987537412;1636987539849;1636987541447;1636987544320---values=;3.1415940000000004;2.617995;5.759589;3.6651930000000004;0;0.523599;4.188792;1.047198;5.23599;2.094396;4.712391;1.5707970000000002""","0","","","","","","","","","","","1636987546620","1636987516203","","","","","","","","","","","","","","","","","","","","","","blockNr_13_taskNr_15_trialNr_4_pursuit_rec.webm","""times=1636987516198;1636987516227;1636987518550;1636987521171;1636987523401;1636987526425;1636987528423;1636987530614;1636987532454;1636987534795;1636987537433;1636987541465;1636987544330---values=;1659.7062715415461;1295.7903930512439;200;1368.385865896099;673.8501918250063;200;240.83258580989397;418.2378213927976;582.1584880844093;200;505.04940393691965;200""","","","","","1","29436","","""times=1636987516200;1636987519869;1636987522452;1636987524685;1636987527701;1636987529734;1636987531885;1636987533734;1636987536084;1636987538701;1636987541149;1636987542768;1636987545652---values=;3666;6249;8482;11498;13531;15682;17531;19881;22498;24946;26565;29449""","","","","","","""times=1636987519330;1636987519836;1636987521946;1636987522450;1636987524168;1636987524672;1636987527193;1636987527698;1636987529215;1636987529717;1636987531378;1636987531882;1636987533223;1636987533730;1636987535563;1636987536066;1636987538193;1636987538697;1636987540629;1636987541133;1636987542257;1636987542764;1636987545131;1636987545636---values=true;false;true;false;true;false;true;false;true;false;true;false;true;false;true;false;true;false;true;false;true;false;true;false""","","","","","","false","","","","","Mozilla/5.0 (Windows NT 10.0; Win64; x64) AppleWebKit/537.36 (KHTML, like Gecko) Chrome/95.0.4638.69 Safari/537.36 Edg/95.0.1020.53","false","Chrome","yes","","&quot;&quot;","","50","2021-11-15T14:49:05.000Z",312727,"4376","group_4","5.841121495327103",343269,"864","1536","25","de","DE","session_4",1,"2021-11-15T13:36:54.000Z","182","17","","Windows-PC","20.2 ms","121.9 ms",true,"95.0.4638.69 Safari/537.36 Edg/95.0.1020.53","864","1536"
13,"tasks (4,5,3,1,2)",15,"2. Smooth Pursuit","5","1","""times=1636987546637;1636987547582;1636987547599;1636987547632;1636987547649;1636987547682;1636987547715;1636987547732;1636987547749;1636987547782;1636987547799;1636987547832;1636987547849;1636987547882;1636987547899;1636987547932;1636987547965;1636987547982;1636987547999;1636987548032;1636987548051;1636987548082;1636987548115;1636987548132;1636987548150;1636987548182;1636987548199;1636987548232;1636987548266;1636987548282;1636987548299;1636987552215;1636987552231;1636987552265;1636987552281;1636987552315;1636987552332;1636987552365;1636987552381;1636987552415;1636987552431;1636987552465;1636987552482;1636987552515;1636987552531;1636987552565;1636987552581;1636987552615;1636987552631;1636987552665;1636987552698;1636987552715;1636987552732;1636987552765;1636987552781;1636987552815;1636987552831;1636987552865;1636987552881;1636987552915;1636987552931;1636987554465;1636987554481;1636987554515;1636987554532;1636987554565;1636987554583;1636987554615;1636987554632;1636987554665;1636987554682;1636987554715;1636987554732;1636987554765;1636987554798;1636987554815;1636987554831;1636987554865;1636987554883;1636987554915;1636987554948;1636987554965;1636987554982;1636987555015;1636987555032;1636987555065;1636987555082;1636987555115;1636987555132;1636987555165;1636987555182;1636987555218;1636987557548;1636987557565;1636987557598;1636987557631;1636987557648;1636987557665;1636987557698;1636987557715;1636987557748;1636987557781;1636987557798;1636987557815;1636987557848;1636987557866;1636987557898;1636987557931;1636987557948;1636987557966;1636987557998;1636987558031;1636987558048;1636987558065;1636987558098;1636987558131;1636987558148;1636987558165;1636987558198;1636987558231;1636987558248;1636987558265;1636987560514;1636987560532;1636987560565;1636987560598;1636987560614;1636987560632;1636987560665;1636987560698;1636987560716;1636987560732;1636987560764;1636987560798;1636987560816;1636987560832;1636987560864;1636987560898;1636987560914;1636987560932;1636987560964;1636987560998;1636987561014;1636987561031;1636987561064;1636987561098;1636987561114;1636987561132;1636987561164;1636987561198;1636987561214;1636987561232;1636987562631;1636987562664;1636987562681;1636987562714;1636987562747;1636987562764;1636987562806;1636987562831;1636987562864;1636987562881;1636987562914;1636987562931;1636987562965;1636987562981;1636987563014;1636987563031;1636987563064;1636987563081;1636987563114;1636987563131;1636987563164;1636987563197;1636987563215;1636987563231;1636987563264;1636987563281;1636987563314;1636987563331;1636987563364;1636987564931;1636987564947;1636987564981;1636987564997;1636987565031;1636987565048;1636987565081;1636987565114;1636987565132;1636987565166;1636987565180;1636987565198;1636987565231;1636987565248;1636987565281;1636987565298;1636987565331;1636987565347;1636987565380;1636987565397;1636987565431;1636987565464;1636987565481;1636987565498;1636987565531;1636987565547;1636987565581;1636987565597;1636987565631;1636987565647;1636987567114;1636987567147;1636987567180;1636987567197;1636987567214;1636987567247;1636987567264;1636987567297;1636987567314;1636987567347;1636987567364;1636987567397;1636987567414;1636987567448;1636987567464;1636987567497;1636987567514;1636987567547;1636987567564;1636987567598;1636987567614;1636987567647;1636987567663;1636987567697;1636987567714;1636987567747;1636987567763;1636987567797;1636987567814;1636987567847;1636987569363;1636987569397;1636987569413;1636987569447;1636987569463;1636987569497;1636987569513;1636987569547;1636987569564;1636987569597;1636987569630;1636987569647;1636987569663;1636987569697;1636987569714;1636987569748;1636987569764;1636987569797;1636987569813;1636987569847;1636987569863;1636987569897;1636987569913;1636987569947;1636987569963;1636987569997;1636987570013;1636987570047;1636987570064;1636987570097;1636987570116;1636987571397;1636987571413;1636987571430;1636987571463;1636987571480;1636987571513;1636987571530;1636987571563;1636987571581;1636987571613;1636987571631;1636987571664;1636987571697;1636987571713;1636987571730;1636987571763;1636987571780;1636987571813;1636987571830;1636987571863;1636987571880;1636987571913;1636987571930;1636987571963;1636987571980;1636987572013;1636987572048;1636987572064;1636987572080;1636987572114;1636987572130;1636987573263;1636987573280;1636987573313;1636987573330;1636987573363;1636987573380;1636987573413;1636987573430;1636987573463;1636987573480;1636987573513;1636987573530;1636987573563;1636987573580;1636987573614;1636987573631;1636987573663;1636987573679;1636987573713;1636987573730;1636987573763;1636987573780;1636987573813;1636987573830;1636987573863;1636987573880;1636987573913;1636987573929;1636987573963;1636987573980;1636987574013;1636987575663;1636987575702;1636987575713;1636987575746;1636987575764;1636987575796;1636987575813;1636987575846;1636987575863;1636987575896;1636987575929;1636987575946;1636987575963;1636987575996;1636987576013;1636987576046;1636987576063;1636987576096;1636987576113;1636987576146;1636987576163;1636987576196;1636987576213;1636987576246;1636987576263;1636987576296;1636987576313;1636987576346;1636987576363;1636987576396---values=;944;961;994;1011;1044;1077;1094;1111;1144;1161;1194;1211;1244;1261;1294;1327;1344;1361;1394;1413;1444;1477;1494;1511;1544;1561;1594;1628;1644;1661;5577;5593;5627;5643;5677;5694;5727;5743;5777;5793;5827;5843;5877;5893;5927;5943;5977;5993;6027;6060;6077;6093;6127;6143;6177;6193;6227;6243;6277;6293;7826;7843;7876;7894;7927;7945;7977;7994;8027;8044;8077;8094;8127;8160;8177;8193;8227;8245;8277;8310;8327;8344;8377;8394;8427;8444;8477;8494;8527;8544;8580;10910;10927;10960;10993;11010;11027;11060;11077;11110;11143;11160;11177;11210;11228;11260;11293;11310;11328;11360;11393;11410;11427;11460;11493;11510;11527;11560;11593;11610;11627;13876;13894;13927;13960;13976;13994;14026;14060;14078;14094;14126;14160;14178;14194;14226;14260;14276;14294;14326;14360;14376;14393;14426;14460;14476;14494;14526;14560;14576;14594;15993;16026;16043;16076;16109;16126;16168;16193;16226;16243;16276;16293;16327;16343;16376;16393;16426;16443;16476;16493;16526;16559;16577;16593;16626;16643;16676;16693;16726;18293;18309;18343;18359;18393;18410;18442;18476;18494;18528;18542;18560;18592;18610;18643;18660;18692;18709;18742;18759;18793;18826;18842;18860;18893;18909;18942;18959;18993;19009;20476;20509;20542;20559;20576;20609;20626;20659;20676;20709;20726;20759;20775;20810;20826;20859;20876;20909;20926;20960;20976;21009;21025;21059;21076;21109;21125;21159;21176;21209;22725;22759;22775;22809;22825;22859;22875;22909;22926;22959;22992;23009;23025;23059;23076;23110;23126;23159;23175;23209;23225;23259;23275;23309;23325;23359;23375;23409;23426;23459;23478;24759;24775;24792;24825;24842;24875;24892;24925;24943;24975;24992;25026;25059;25075;25092;25125;25142;25175;25192;25225;25242;25275;25292;25325;25342;25375;25409;25426;25442;25475;25492;26625;26642;26675;26692;26725;26742;26775;26792;26825;26842;26875;26892;26925;26942;26976;26992;27025;27041;27075;27092;27125;27142;27175;27192;27225;27242;27275;27291;27325;27342;27375;29025;29064;29075;29108;29126;29158;29175;29208;29225;29258;29291;29308;29325;29358;29375;29408;29425;29458;29475;29508;29525;29558;29575;29608;29625;29658;29675;29708;29725;29758""","330;240;180;60;300;30;210;120;90;0;270;150","""times=1636987546637;1636987547558;1636987552185;1636987554438;1636987557529;1636987560496;1636987562615;1636987564899;1636987567094;1636987569347;1636987571364;1636987573237;1636987575650---values=;920;5547;7800;10891;13858;15977;18261;20456;22709;24726;26599;29012""","""times=1636987547546;1636987548326;1636987552174;1636987552951;1636987554427;1636987555228;1636987557513;1636987558292;1636987560479;1636987561259;1636987562598;1636987563375;1636987564889;1636987565672;1636987567081;1636987567859;1636987569331;1636987570138;1636987571347;1636987572149;1636987573223;1636987574026;1636987575630;1636987576413---values=true;false;true;false;true;false;true;false;true;false;true;false;true;false;true;false;true;false;true;false;true;false;true;false""","","","","","","","","","","","","","","","","","""times=1636987546637;1636987547338;1636987549198;1636987554204;1636987555964;1636987559591;1636987562390;1636987564638;1636987566872;1636987569126;1636987571144;1636987572912;1636987575276---values=;700;2560;7566;9326;12953;15752;18000;20234;22488;24506;26274;28638""","1","","","","","""times=1636987546636;1636987547546;1636987552173;1636987554425;1636987557512;1636987560479;1636987562597;1636987564889;1636987567080;1636987569330;1636987571347;1636987573222;1636987575629---values=;5.759589;4.188792;3.1415940000000004;1.047198;5.23599;0.523599;3.6651930000000004;2.094396;1.5707970000000002;0;4.712391;2.617995""","0","","","","","","","","","","","1636987577859","1636987546638","","","","","","","","","","","","","","","","","","","","","","blockNr_13_taskNr_15_trialNr_5_pursuit_rec.webm","""times=1636987546636;1636987546658;1636987547557;1636987552184;1636987554437;1636987557528;1636987560495;1636987562609;1636987564898;1636987571358;1636987573235;1636987575649---values=;200;2968.4774209981274;219.29096760032996;1544.8472570206686;885.620164049431;202.0477002159099;242.10956144833287;200;302.99442412374975;348.9797672108028;203.97649601794168""","","","","","1","30280","","""times=1636987546637;1636987548832;1636987553467;1636987555749;1636987558799;1636987561781;1636987563881;1636987566181;1636987568381;1636987570647;1636987572663;1636987574530;1636987576954---values=;2194;6829;9111;12161;15143;17243;19543;21743;24009;26025;27892;30316""","","","","","","""times=1636987548325;1636987548828;1636987552951;1636987553456;1636987555228;1636987555732;1636987558292;1636987558795;1636987561258;1636987561764;1636987563375;1636987563877;1636987565671;1636987566173;1636987567858;1636987568364;1636987570137;1636987570640;1636987572148;1636987572653;1636987574026;1636987574528;1636987576411;1636987576916---values=true;false;true;false;true;false;true;false;true;false;true;false;true;false;true;false;true;false;true;false;true;false;true;false""","","","","","","false","","","","","Mozilla/5.0 (Windows NT 10.0; Win64; x64) AppleWebKit/537.36 (KHTML, like Gecko) Chrome/95.0.4638.69 Safari/537.36 Edg/95.0.1020.53","false","Chrome","yes","","&quot;&quot;","","50","2021-11-15T14:49:05.000Z",312727,"4376","group_4","5.841121495327103",343269,"864","1536","25","de","DE","session_4",1,"2021-11-15T13:36:54.000Z","182","17","","Windows-PC","20.2 ms","121.9 ms",true,"95.0.4638.69 Safari/537.36 Edg/95.0.1020.53","864","1536"
13,"tasks (4,5,3,1,2)",14,"ex_Smooth Pursuit","1","1","","","","","","","","","","","","2","","","","","","","","","","1","330;30;300;120;60;210;150;180;0;90;240;270","","","","""times=1636987430851---values=""","","","","","","","","","","","","","","","","","","","","","","","","","","","","","","","","","","","","","","","","","","","","","","","","","","","","","","","","false","","","","","Mozilla/5.0 (Windows NT 10.0; Win64; x64) AppleWebKit/537.36 (KHTML, like Gecko) Chrome/95.0.4638.69 Safari/537.36 Edg/95.0.1020.53","false","Chrome","yes","","&quot;&quot;","","50","2021-11-15T14:49:05.000Z",312727,"4376","group_4","5.841121495327103",343269,"864","1536","25","de","DE","session_4",1,"2021-11-15T13:36:54.000Z","182","17","","Windows-PC","20.2 ms","121.9 ms",true,"95.0.4638.69 Safari/537.36 Edg/95.0.1020.53","864","1536"
13,"tasks (4,5,3,1,2)",13,"2. pursuit_instructions","1","1","","","","","","","","","","","","","","","","","","","","","","1","","","","","","","","","","","","","","","","","","","","","","","","","","","","","","","","","","","","","","","","","","","","","","","","","","","","","","","","","","","","","","","","","","Mozilla/5.0 (Windows NT 10.0; Win64; x64) AppleWebKit/537.36 (KHTML, like Gecko) Chrome/95.0.4638.69 Safari/537.36 Edg/95.0.1020.53","false","Chrome","yes","","&quot;&quot;","","50","2021-11-15T14:49:05.000Z",312727,"4376","group_4","5.841121495327103",343269,"864","1536","25","de","DE","session_4",1,"2021-11-15T13:36:54.000Z","182","17","","Windows-PC","20.2 ms","121.9 ms",true,"95.0.4638.69 Safari/537.36 Edg/95.0.1020.53","864","1536"
13,"tasks (4,5,3,1,2)",12,"1. Fixation","1","1","","","","","","","","","","","","2","","","","","","","","","","1","","","","","","0","","","","","","","13;8;1;5;10;12;3;4;9;7;6;11;2","blockNr_13_taskNr_12_trialNr_1_FixRec.webm","","","1636987200189","1636987126243","","","","","","","","","","","","","","","","","","","","","""times=1636987126195;1636987126249;1636987129510;1636987132860;1636987135726;1636987140108;1636987142892;1636987148108;1636987151707;1636987160691;1636987178721;1636987184870;1636987188586;1636987192503;1636987196408---values=;10;3270;6621;9487;13869;16653;21869;25468;34452;52482;58631;62347;66264;70169""","","","","","","","4","70167","","","","","","","","","","","","""times=1636987126195;1636987127001;1636987130343;1636987133209;1636987137594;1636987140381;1636987145601;1636987149197;1636987158171;1636987176208;1636987182360;1636987186075;1636987189996;1636987193898---values=;762;4104;6970;11355;14142;19362;22958;31932;49969;56121;59836;63757;67659""","","false","","","","","Mozilla/5.0 (Windows NT 10.0; Win64; x64) AppleWebKit/537.36 (KHTML, like Gecko) Chrome/95.0.4638.69 Safari/537.36 Edg/95.0.1020.53","false","Chrome","yes","","&quot;&quot;","","50","2021-11-15T14:49:05.000Z",312727,"4376","group_4","5.841121495327103",343269,"864","1536","25","de","DE","session_4",1,"2021-11-15T13:36:54.000Z","182","17","","Windows-PC","20.2 ms","121.9 ms",true,"95.0.4638.69 Safari/537.36 Edg/95.0.1020.53","864","1536"
13,"tasks (4,5,3,1,2)",12,"1. Fixation","2","5","","","","","","","","","","","","2","","","","","","","","","","1","","","","","","0","","","","","","","11;4;9;10;6;3;1;2;5;13;12;7;8","blockNr_13_taskNr_12_trialNr_2_FixRec.webm","","","1636987257423","1636987200251","","","","","","","","","","","","","","","","","","","","","""times=1636987200197;1636987200262;1636987204152;1636987209568;1636987213518;1636987217367;1636987221950;1636987227933;1636987231816;1636987235765;1636987239349;1636987243265;1636987247114;1636987251331;1636987255134---values=;13;3903;9319;13269;17118;21701;27684;31567;35516;39100;43016;46865;51082;54885""","","","","","","","2","54871","","","","","","","","","","","","""times=1636987200197;1636987201637;1636987207048;1636987211007;1636987214858;1636987219429;1636987225426;1636987229308;1636987233251;1636987236836;1636987240756;1636987244605;1636987248810;1636987252613---values=;1388;6799;10758;14609;19180;25177;29059;33002;36587;40507;44356;48561;52364""","","false","","","","","Mozilla/5.0 (Windows NT 10.0; Win64; x64) AppleWebKit/537.36 (KHTML, like Gecko) Chrome/95.0.4638.69 Safari/537.36 Edg/95.0.1020.53","false","Chrome","yes","","&quot;&quot;","","50","2021-11-15T14:49:05.000Z",312727,"4376","group_4","5.841121495327103",343269,"864","1536","25","de","DE","session_4",1,"2021-11-15T13:36:54.000Z","182","17","","Windows-PC","20.2 ms","121.9 ms",true,"95.0.4638.69 Safari/537.36 Edg/95.0.1020.53","864","1536"
13,"tasks (4,5,3,1,2)",12,"1. Fixation","3","2","","","","","","","","","","","","2","","","","","","","","","","1","","","","","","0","","","","","","","8;11;2;3;12;10;5;9;13;4;7;6;1","blockNr_13_taskNr_12_trialNr_3_FixRec.webm","","","1636987310486","1636987257432","","","","","","","","","","","","","","","","","","","","","""times=1636987257429;1636987257470;1636987261129;1636987264913;1636987268695;1636987273095;1636987276995;1636987281061;1636987285060;1636987289310;1636987293310;1636987297009;1636987300792;1636987304908;1636987309197---values=;39;3698;7482;11264;15664;19564;23630;27629;31879;35879;39578;43361;47477;51766""","","","","","","","1","51756","","","","","","","","","","","","""times=1636987257429;1636987258614;1636987262404;1636987266182;1636987270585;1636987274470;1636987278546;1636987282555;1636987286796;1636987290791;1636987294505;1636987298286;1636987302389;1636987306678---values=;1183;4973;8751;13154;17039;21115;25124;29365;33359;37074;40854;44958;49247""","","false","","","","","Mozilla/5.0 (Windows NT 10.0; Win64; x64) AppleWebKit/537.36 (KHTML, like Gecko) Chrome/95.0.4638.69 Safari/537.36 Edg/95.0.1020.53","false","Chrome","yes","","&quot;&quot;","","50","2021-11-15T14:49:05.000Z",312727,"4376","group_4","5.841121495327103",343269,"864","1536","25","de","DE","session_4",1,"2021-11-15T13:36:54.000Z","182","17","","Windows-PC","20.2 ms","121.9 ms",true,"95.0.4638.69 Safari/537.36 Edg/95.0.1020.53","864","1536"
13,"tasks (4,5,3,1,2)",12,"1. Fixation","4","3","","","","","","","","","","","","2","","","","","","","","","","1","","","","","","0","","","","","","","9;1;11;10;5;8;6;4;12;3;13;2;7","blockNr_13_taskNr_12_trialNr_4_FixRec.webm","","","1636987362172","1636987310529","","","","","","","","","","","","","","","","","","","","","""times=1636987310505;1636987310635;1636987314240;1636987318932;1636987322590;1636987326123;1636987328905;1636987333071;1636987337654;1636987341321;1636987344937;1636987349053;1636987352803;1636987356736;1636987360841---values=;127;3732;8424;12082;15615;18397;22563;27146;30813;34429;38545;42295;46228;50333""","","","","","","","21","50329","","","","","","","","","","","","""times=1636987310505;1636987311725;1636987316430;1636987320073;1636987323602;1636987326399;1636987330565;1636987335146;1636987338803;1636987342423;1636987346540;1636987350297;1636987354220;1636987358324---values=;1217;5922;9565;13094;15891;20057;24638;28295;31915;36032;39789;43711;47816""","","false","","","","","Mozilla/5.0 (Windows NT 10.0; Win64; x64) AppleWebKit/537.36 (KHTML, like Gecko) Chrome/95.0.4638.69 Safari/537.36 Edg/95.0.1020.53","false","Chrome","yes","","&quot;&quot;","","50","2021-11-15T14:49:05.000Z",312727,"4376","group_4","5.841121495327103",343269,"864","1536","25","de","DE","session_4",1,"2021-11-15T13:36:54.000Z","182","17","","Windows-PC","20.2 ms","121.9 ms",true,"95.0.4638.69 Safari/537.36 Edg/95.0.1020.53","864","1536"
13,"tasks (4,5,3,1,2)",12,"1. Fixation","5","4","","","","","","","","","","","","2","","","","","","","","","","1","","","","","","0","","","","","","","7;6;8;4;10;5;12;2;11;9;3;1;13","blockNr_13_taskNr_12_trialNr_5_FixRec.webm","","","1636987424089","1636987362221","","","","","","","","","","","","","","","","","","","","","""times=1636987362194;1636987362241;1636987365918;1636987370051;1636987373851;1636987378750;1636987382650;1636987388184;1636987392449;1636987400281;1636987404514;1636987410847;1636987414879;1636987418796;1636987422702---values=;41;3719;7852;11652;16551;20451;25985;30250;38082;42315;48648;52680;56597;60503""","","","","","","","22","60493","","","","","","","","","","","","""times=1636987362194;1636987363406;1636987367533;1636987371334;1636987376247;1636987380136;1636987385681;1636987389937;1636987397773;1636987402011;1636987408332;1636987412366;1636987416291;1636987420187---values=;1207;5334;9135;14048;17937;23482;27738;35574;39812;46132;50167;54092;57988""","","false","","","","","Mozilla/5.0 (Windows NT 10.0; Win64; x64) AppleWebKit/537.36 (KHTML, like Gecko) Chrome/95.0.4638.69 Safari/537.36 Edg/95.0.1020.53","false","Chrome","yes","","&quot;&quot;","","50","2021-11-15T14:49:05.000Z",312727,"4376","group_4","5.841121495327103",343269,"864","1536","25","de","DE","session_4",1,"2021-11-15T13:36:54.000Z","182","17","","Windows-PC","20.2 ms","121.9 ms",true,"95.0.4638.69 Safari/537.36 Edg/95.0.1020.53","864","1536"
13,"tasks (4,5,3,1,2)",11,"ex_Fixation","1","1","","","","","","","","","","","","2","","","","","","","","","","1","","","","","","","","","","","","","","","","","","","","","","","","","","","","","","","","","","","","","","","","","","","","","","","","","","","","","","","","","","","","","false","","","","","Mozilla/5.0 (Windows NT 10.0; Win64; x64) AppleWebKit/537.36 (KHTML, like Gecko) Chrome/95.0.4638.69 Safari/537.36 Edg/95.0.1020.53","false","Chrome","yes","","&quot;&quot;","","50","2021-11-15T14:49:05.000Z",312727,"4376","group_4","5.841121495327103",343269,"864","1536","25","de","DE","session_4",1,"2021-11-15T13:36:54.000Z","182","17","","Windows-PC","20.2 ms","121.9 ms",true,"95.0.4638.69 Safari/537.36 Edg/95.0.1020.53","864","1536"
13,"tasks (4,5,3,1,2)",10,"1. Fixation_instructions","1","1","","","","","","","","","","","","","","","","","","","","","","1","","","","","","","","","","","","","","","","","","","","","","","","","","","","","","","","","","","","","","","","","","","","","","","","","","","","","","","","","","","","","","","","","","Mozilla/5.0 (Windows NT 10.0; Win64; x64) AppleWebKit/537.36 (KHTML, like Gecko) Chrome/95.0.4638.69 Safari/537.36 Edg/95.0.1020.53","false","Chrome","yes","","&quot;&quot;","","50","2021-11-15T14:49:05.000Z",312727,"4376","group_4","5.841121495327103",343269,"864","1536","25","de","DE","session_4",1,"2021-11-15T13:36:54.000Z","182","17","","Windows-PC","20.2 ms","121.9 ms",true,"95.0.4638.69 Safari/537.36 Edg/95.0.1020.53","864","1536"
13,"tasks (4,5,3,1,2)",9,"3. FreeView","1","17","","","","","","","","","","","","","","","","","","","","","","1","","","","","","0","","","","","","","","","","","","1636987079283","","","","","","","","","","","","","","","","","","","","","","","","","","","","","","","","","","","","","","","","","","","false","","","","","Mozilla/5.0 (Windows NT 10.0; Win64; x64) AppleWebKit/537.36 (KHTML, like Gecko) Chrome/95.0.4638.69 Safari/537.36 Edg/95.0.1020.53","false","Chrome","yes","","&quot;&quot;","","50","2021-11-15T14:49:05.000Z",312727,"4376","group_4","5.841121495327103",343269,"864","1536","25","de","DE","session_4",1,"2021-11-15T13:36:54.000Z","182","17","","Windows-PC","20.2 ms","121.9 ms",true,"95.0.4638.69 Safari/537.36 Edg/95.0.1020.53","864","1536"
13,"tasks (4,5,3,1,2)",9,"3. FreeView","2","6","","","","","","","","","","","","","","","","","","","","","","1","","","","","","0","","","","","","","","","","","1636987083630","1636987079354","","blockNr_13_taskNr_9_trialNr_2_freeViewRec.webm","","","3012","","","","","","","","","","","""times=1636987082359---values=10""","","","","","","","","","","","","1","4010","","","","","","","","","","","","","","false","","","","","Mozilla/5.0 (Windows NT 10.0; Win64; x64) AppleWebKit/537.36 (KHTML, like Gecko) Chrome/95.0.4638.69 Safari/537.36 Edg/95.0.1020.53","false","Chrome","yes","","&quot;&quot;","","50","2021-11-15T14:49:05.000Z",312727,"4376","group_4","5.841121495327103",343269,"864","1536","25","de","DE","session_4",1,"2021-11-15T13:36:54.000Z","182","17","","Windows-PC","20.2 ms","121.9 ms",true,"95.0.4638.69 Safari/537.36 Edg/95.0.1020.53","864","1536"
13,"tasks (4,5,3,1,2)",9,"3. FreeView","3","10","","","","","","","","","","","","","","","","","","","","","","1","","","","","","0","","","","","","","","","","","1636987088391","1636987083751","","blockNr_13_taskNr_9_trialNr_3_freeViewRec.webm","","","3014","","","","","","","","","","","""times=1636987086759---values=3""","","","","","","","","","","","","4","4013","","","","","","","","","","","","","","false","","","","","Mozilla/5.0 (Windows NT 10.0; Win64; x64) AppleWebKit/537.36 (KHTML, like Gecko) Chrome/95.0.4638.69 Safari/537.36 Edg/95.0.1020.53","false","Chrome","yes","","&quot;&quot;","","50","2021-11-15T14:49:05.000Z",312727,"4376","group_4","5.841121495327103",343269,"864","1536","25","de","DE","session_4",1,"2021-11-15T13:36:54.000Z","182","17","","Windows-PC","20.2 ms","121.9 ms",true,"95.0.4638.69 Safari/537.36 Edg/95.0.1020.53","864","1536"
13,"tasks (4,5,3,1,2)",9,"3. FreeView","4","3","","","","","","","","","","","","","","","","","","","","","","1","","","","","","0","","","","","","","","","","","1636987092783","1636987088444","","blockNr_13_taskNr_9_trialNr_4_freeViewRec.webm","","","3021","","","","","","","","","","","""times=1636987091447---values=12""","","","","","","","","","","","","3","4012","","","","","","","","","","","","","","false","","","","","Mozilla/5.0 (Windows NT 10.0; Win64; x64) AppleWebKit/537.36 (KHTML, like Gecko) Chrome/95.0.4638.69 Safari/537.36 Edg/95.0.1020.53","false","Chrome","yes","","&quot;&quot;","","50","2021-11-15T14:49:05.000Z",312727,"4376","group_4","5.841121495327103",343269,"864","1536","25","de","DE","session_4",1,"2021-11-15T13:36:54.000Z","182","17","","Windows-PC","20.2 ms","121.9 ms",true,"95.0.4638.69 Safari/537.36 Edg/95.0.1020.53","864","1536"
13,"tasks (4,5,3,1,2)",9,"3. FreeView","5","12","","","","","","","","","","","","","","","","","","","","","","1","","","","","","0","","","","","","","","","","","1636987097111","1636987092836","","blockNr_13_taskNr_9_trialNr_5_freeViewRec.webm","","","3011","","","","","","","","","","","""times=1636987095842---values=16""","","","","","","","","","","","","2","4010","","","","","","","","","","","","","","false","","","","","Mozilla/5.0 (Windows NT 10.0; Win64; x64) AppleWebKit/537.36 (KHTML, like Gecko) Chrome/95.0.4638.69 Safari/537.36 Edg/95.0.1020.53","false","Chrome","yes","","&quot;&quot;","","50","2021-11-15T14:49:05.000Z",312727,"4376","group_4","5.841121495327103",343269,"864","1536","25","de","DE","session_4",1,"2021-11-15T13:36:54.000Z","182","17","","Windows-PC","20.2 ms","121.9 ms",true,"95.0.4638.69 Safari/537.36 Edg/95.0.1020.53","864","1536"
13,"tasks (4,5,3,1,2)",9,"3. FreeView","6","16","","","","","","","","","","","","","","","","","","","","","","1","","","","","","0","","","","","","","","","","","1636987101557","1636987097202","","blockNr_13_taskNr_9_trialNr_6_freeViewRec.webm","","","3028","","","","","","","","","","","""times=1636987100213---values=9""","","","","","","","","","","","","3","4020","","","","","","","","","","","","","","false","","","","","Mozilla/5.0 (Windows NT 10.0; Win64; x64) AppleWebKit/537.36 (KHTML, like Gecko) Chrome/95.0.4638.69 Safari/537.36 Edg/95.0.1020.53","false","Chrome","yes","","&quot;&quot;","","50","2021-11-15T14:49:05.000Z",312727,"4376","group_4","5.841121495327103",343269,"864","1536","25","de","DE","session_4",1,"2021-11-15T13:36:54.000Z","182","17","","Windows-PC","20.2 ms","121.9 ms",true,"95.0.4638.69 Safari/537.36 Edg/95.0.1020.53","864","1536"
13,"tasks (4,5,3,1,2)",9,"3. FreeView","7","9","","","","","","","","","","","","","","","","","","","","","","1","","","","","","0","","","","","","","","","","","1636987105934","1636987101642","","blockNr_13_taskNr_9_trialNr_7_freeViewRec.webm","","","3021","","","","","","","","","","","""times=1636987104646---values=7""","","","","","","","","","","","","2","4007","","","","","","","","","","","","","","false","","","","","Mozilla/5.0 (Windows NT 10.0; Win64; x64) AppleWebKit/537.36 (KHTML, like Gecko) Chrome/95.0.4638.69 Safari/537.36 Edg/95.0.1020.53","false","Chrome","yes","","&quot;&quot;","","50","2021-11-15T14:49:05.000Z",312727,"4376","group_4","5.841121495327103",343269,"864","1536","25","de","DE","session_4",1,"2021-11-15T13:36:54.000Z","182","17","","Windows-PC","20.2 ms","121.9 ms",true,"95.0.4638.69 Safari/537.36 Edg/95.0.1020.53","864","1536"
13,"tasks (4,5,3,1,2)",9,"3. FreeView","8","7","","","","","","","","","","","","","","","","","","","","","","1","","","","","","0","","","","","","","","","","","1636987110247","1636987106051","","blockNr_13_taskNr_9_trialNr_8_freeViewRec.webm","","","3011","","","","","","","","","","","""times=1636987109057---values=11""","","","","","","","","","","","","3","4011","","","","","","","","","","","","","","false","","","","","Mozilla/5.0 (Windows NT 10.0; Win64; x64) AppleWebKit/537.36 (KHTML, like Gecko) Chrome/95.0.4638.69 Safari/537.36 Edg/95.0.1020.53","false","Chrome","yes","","&quot;&quot;","","50","2021-11-15T14:49:05.000Z",312727,"4376","group_4","5.841121495327103",343269,"864","1536","25","de","DE","session_4",1,"2021-11-15T13:36:54.000Z","182","17","","Windows-PC","20.2 ms","121.9 ms",true,"95.0.4638.69 Safari/537.36 Edg/95.0.1020.53","864","1536"
13,"tasks (4,5,3,1,2)",9,"3. FreeView","9","11","","","","","","","","","","","","","","","","","","","","","","1","","","","","","0","","","","","","","","","","","","1636987110324","","blockNr_13_taskNr_9_trialNr_9_freeViewRec.webm","","","3023","","","","","","","","","","","""times=1636987113328---values=NaN""","","","","","","","","","","","","2","4010","","","","","","","","","","","","","","false","","","","","Mozilla/5.0 (Windows NT 10.0; Win64; x64) AppleWebKit/537.36 (KHTML, like Gecko) Chrome/95.0.4638.69 Safari/537.36 Edg/95.0.1020.53","false","Chrome","yes","","&quot;&quot;","","50","2021-11-15T14:49:05.000Z",312727,"4376","group_4","5.841121495327103",343269,"864","1536","25","de","DE","session_4",1,"2021-11-15T13:36:54.000Z","182","17","","Windows-PC","20.2 ms","121.9 ms",true,"95.0.4638.69 Safari/537.36 Edg/95.0.1020.53","864","1536"
13,"tasks (4,5,3,1,2)",8,"ex_Freeview","1","1","","","","","","","","","","","","2","","","","","","","","","","1","","","","","","","","","","","","","","","","","","","","","","","","","","","","","","","","","","","","","","","","","","","","","","","","","","","","","","","","","","","","","","","","","","Mozilla/5.0 (Windows NT 10.0; Win64; x64) AppleWebKit/537.36 (KHTML, like Gecko) Chrome/95.0.4638.69 Safari/537.36 Edg/95.0.1020.53","false","Chrome","yes","","&quot;&quot;","","50","2021-11-15T14:49:05.000Z",312727,"4376","group_4","5.841121495327103",343269,"864","1536","25","de","DE","session_4",1,"2021-11-15T13:36:54.000Z","182","17","","Windows-PC","20.2 ms","121.9 ms",true,"95.0.4638.69 Safari/537.36 Edg/95.0.1020.53","864","1536"
13,"tasks (4,5,3,1,2)",7,"3. FreeView_instructions","1","1","","","","","","","","","","","","","","","","","","","","","","1","","","","","","0","","","","","","","","","","","","","","","","","","","","","","","","","","","","","","","","","","","","","","","","","","","","","","","","","","","","","","","","","","","","Mozilla/5.0 (Windows NT 10.0; Win64; x64) AppleWebKit/537.36 (KHTML, like Gecko) Chrome/95.0.4638.69 Safari/537.36 Edg/95.0.1020.53","false","Chrome","yes","","&quot;&quot;","","50","2021-11-15T14:49:05.000Z",312727,"4376","group_4","5.841121495327103",343269,"864","1536","25","de","DE","session_4",1,"2021-11-15T13:36:54.000Z","182","17","","Windows-PC","20.2 ms","121.9 ms",true,"95.0.4638.69 Safari/537.36 Edg/95.0.1020.53","864","1536"
13,"tasks (4,5,3,1,2)",6,"5. Blink Detect","1","1","","","","","","","""times=1636986997116;1636986998804;1636987000530;1636987002193;1636987003650;1636987005206;1636987006656;1636987008171---values=;1567;3293;4956;6413;7969;9419;10934""","""times=1636986997116;1636986998978;1636987000698;1636987002359;1636987003820;1636987005378;1636987006836;1636987008340---values=;1741;3461;5122;6583;8141;9599;11103""","blockNr_13_taskNr_6_trialNr_1_BlinkRec.webm","","","","","","","","","","","","","1","","","","","","0","","","","","","","","","","","1636987010848","1636986997237","","","","","","","""times=1636986997116;1636986998980;1636987000699;1636987002362;1636987003823;1636987005379;1636987006838;1636987010348---values=1;2;3;4;5;6;7;8""","","","","","","","","""times=1636986997239;1636986998978;1636987000698;1636987002359;1636987003820;1636987005378;1636987006836---values=1555.4492093207105;1549.9399725093542;1491.0966170542376;1283.2712324223085;1379.576491922415;1271.315212922162;1330.8862709540351""","","","","","","","","","""times=1636986997116;1636986997239;1636986998978;1636987000698;1636987002359;1636987003820;1636987005378;1636987006836---values=;0.8886230233017762;0.8748499312733857;0.727741542635594;0.20817808105577096;0.44894122980603757;0.1782880323054048;0.32721567738508806""","","","","2","13111","","","","","","","","","","","","","","false","","","","","Mozilla/5.0 (Windows NT 10.0; Win64; x64) AppleWebKit/537.36 (KHTML, like Gecko) Chrome/95.0.4638.69 Safari/537.36 Edg/95.0.1020.53","false","Chrome","yes","","&quot;&quot;","","50","2021-11-15T14:49:05.000Z",312727,"4376","group_4","5.841121495327103",343269,"864","1536","25","de","DE","session_4",1,"2021-11-15T13:36:54.000Z","182","17","","Windows-PC","20.2 ms","121.9 ms",true,"95.0.4638.69 Safari/537.36 Edg/95.0.1020.53","864","1536"
13,"tasks (4,5,3,1,2)",6,"5. Blink Detect","2","4","","","","","","","""times=1636987010858;1636987012205;1636987013878;1636987015443;1636987016853;1636987018490;1636987019864;1636987021288---values=;1345;3018;4583;5993;7630;9004;10428""","""times=1636987010858;1636987012381;1636987014063;1636987015620;1636987017018;1636987018658;1636987020038;1636987021461---values=;1521;3203;4760;6158;7798;9178;10601""","blockNr_13_taskNr_6_trialNr_2_BlinkRec.webm","","","","","","","","","","","","","1","","","","","","0","","","","","","","","","","","1636987024023","1636987010860","","","","","","","""times=1636987010857;1636987012382;1636987014063;1636987015622;1636987017019;1636987018659;1636987020040;1636987023473---values=1;2;3;4;5;6;7;8""","","","","","","","","""times=1636987010857;1636987010861;1636987012381;1636987014063;1636987015620;1636987017018;1636987018658;1636987020038---values=;1342.5835678593887;1493.8323159624952;1378.303875384129;1230.3858692541287;1469.1450024370226;1203.2145852660929;1247.2344727172886""","","","","","","","","","""times=1636987010857;1636987010861;1636987012381;1636987014063;1636987015620;1636987017018;1636987018658;1636987020038---values=;0.356458919648472;0.734580789906238;0.44575968846032255;0.07596467313532185;0.6728625060925566;0.008036463165232322;0.11808618179322128""","","","","1","12613","","","","","","","","","","","","","","false","","","","","Mozilla/5.0 (Windows NT 10.0; Win64; x64) AppleWebKit/537.36 (KHTML, like Gecko) Chrome/95.0.4638.69 Safari/537.36 Edg/95.0.1020.53","false","Chrome","yes","","&quot;&quot;","","50","2021-11-15T14:49:05.000Z",312727,"4376","group_4","5.841121495327103",343269,"864","1536","25","de","DE","session_4",1,"2021-11-15T13:36:54.000Z","182","17","","Windows-PC","20.2 ms","121.9 ms",true,"95.0.4638.69 Safari/537.36 Edg/95.0.1020.53","864","1536"
13,"tasks (4,5,3,1,2)",6,"5. Blink Detect","3","2","","","","","","","""times=1636987024031;1636987025464;1636987026984;1636987028369;1636987030034;1636987031534;1636987033029;1636987034565---values=;1426;2946;4331;5996;7496;8991;10527""","""times=1636987024031;1636987025644;1636987027164;1636987028537;1636987030204;1636987031702;1636987033203;1636987034743---values=;1606;3126;4499;6166;7664;9165;10705""","blockNr_13_taskNr_6_trialNr_3_BlinkRec.webm","","","","","","","","","","","","","1","","","","","","0","","","","","","","","","","","1636987037152","1636987024038","","","","","","","""times=1636987024030;1636987025646;1636987027166;1636987028539;1636987030207;1636987031704;1636987033205;1636987036761---values=1;2;3;4;5;6;7;8""","","","","","","","","""times=1636987024030;1636987024039;1636987025644;1636987027164;1636987028537;1636987030204;1636987031702;1636987033203---values=;1415.4212277228771;1337.8998766462553;1202.731879233145;1485.1381748006772;1325.0329449362669;1320.8659013985778;1357.377837952688""","","","","","","","","","""times=1636987024030;1636987024039;1636987025644;1636987027164;1636987028537;1636987030204;1636987031702;1636987033203---values=;0.5385530693071925;0.34474969161563807;0.006829698082862601;0.712845437001693;0.31258236234066694;0.30216475349644445;0.39344459488172""","","","","0","12723","","","","","","","","","","","","","","false","","","","","Mozilla/5.0 (Windows NT 10.0; Win64; x64) AppleWebKit/537.36 (KHTML, like Gecko) Chrome/95.0.4638.69 Safari/537.36 Edg/95.0.1020.53","false","Chrome","yes","","&quot;&quot;","","50","2021-11-15T14:49:05.000Z",312727,"4376","group_4","5.841121495327103",343269,"864","1536","25","de","DE","session_4",1,"2021-11-15T13:36:54.000Z","182","17","","Windows-PC","20.2 ms","121.9 ms",true,"95.0.4638.69 Safari/537.36 Edg/95.0.1020.53","864","1536"
13,"tasks (4,5,3,1,2)",6,"5. Blink Detect","4","3","","","","","","","""times=1636987037166;1636987038751;1636987040202;1636987041744;1636987043199;1636987044644;1636987046384;1636987048100---values=;1583;3034;4576;6031;7476;9216;10932""","""times=1636987037166;1636987038919;1636987040377;1636987041918;1636987043384;1636987044819;1636987046564;1636987048281---values=;1751;3209;4750;6216;7651;9396;11113""","blockNr_13_taskNr_6_trialNr_4_BlinkRec.webm","","","","","","","","","","","","","1","","","","","","0","","","","","","","","","","","1636987050753","1636987037168","","","","","","","""times=1636987037165;1636987038921;1636987040378;1636987041920;1636987043386;1636987044821;1636987046565;1636987050290---values=1;2;3;4;5;6;7;8""","","","","","","","","""times=1636987037165;1636987037169;1636987038919;1636987040377;1636987041918;1636987043384;1636987044819;1636987046564---values=;1574.9283205879428;1276.9222045620395;1359.3258168819505;1278.240795223828;1256.735203352846;1560.9508963998362;1531.4601465006508""","","","","","","","","","""times=1636987037165;1636987037169;1636987038919;1636987040377;1636987041918;1636987043384;1636987044819;1636987046564---values=;0.9373208014698573;0.19230551140509844;0.3983145422048764;0.19560198805956963;0.1418380083821147;0.9023772409995907;0.8286503662516274""","","","","1","13122","","","","","","","","","","","","","","false","","","","","Mozilla/5.0 (Windows NT 10.0; Win64; x64) AppleWebKit/537.36 (KHTML, like Gecko) Chrome/95.0.4638.69 Safari/537.36 Edg/95.0.1020.53","false","Chrome","yes","","&quot;&quot;","","50","2021-11-15T14:49:05.000Z",312727,"4376","group_4","5.841121495327103",343269,"864","1536","25","de","DE","session_4",1,"2021-11-15T13:36:54.000Z","182","17","","Windows-PC","20.2 ms","121.9 ms",true,"95.0.4638.69 Safari/537.36 Edg/95.0.1020.53","864","1536"
13,"tasks (4,5,3,1,2)",6,"5. Blink Detect","5","5","","","","","","","""times=1636987050763;1636987052324;1636987053901;1636987055509;1636987057074;1636987058764;1636987060334;1636987061950---values=;1556;3133;4741;6306;7996;9566;11182""","""times=1636987050763;1636987052497;1636987054077;1636987055684;1636987057239;1636987058943;1636987060500;1636987062120---values=;1729;3309;4916;6471;8175;9732;11352""","blockNr_13_taskNr_6_trialNr_5_BlinkRec.webm","","","","","","","","","","","","","1","","","","","","0","","","","","","","","","","","1636987064557","1636987050768","","","","","","","""times=1636987050762;1636987052497;1636987054077;1636987055684;1636987057240;1636987058944;1636987060501;1636987064130---values=1;2;3;4;5;6;7;8""","","","","","","","","""times=1636987050762;1636987050769;1636987052497;1636987054077;1636987055684;1636987057240;1636987058943;1636987060500---values=;1552.8544818894595;1403.4886702504427;1426.5952085940255;1387.1123978858861;1521.3006577255783;1387.6256828118644;1447.2632966082224""","","","","","","","","","""times=1636987050762;1636987050769;1636987052497;1636987054077;1636987055684;1636987057240;1636987058943;1636987060500---values=;0.882136204723649;0.5087216756261066;0.5664880214850638;0.4677809947147151;0.8032516443139457;0.4690642070296611;0.6181582415205558""","","","","1","13361","","","","","","","","","","","","","","false","","","","","Mozilla/5.0 (Windows NT 10.0; Win64; x64) AppleWebKit/537.36 (KHTML, like Gecko) Chrome/95.0.4638.69 Safari/537.36 Edg/95.0.1020.53","false","Chrome","yes","","&quot;&quot;","","50","2021-11-15T14:49:05.000Z",312727,"4376","group_4","5.841121495327103",343269,"864","1536","25","de","DE","session_4",1,"2021-11-15T13:36:54.000Z","182","17","","Windows-PC","20.2 ms","121.9 ms",true,"95.0.4638.69 Safari/537.36 Edg/95.0.1020.53","864","1536"
13,"tasks (4,5,3,1,2)",5,"ex_Blink Detect","1","1","","","","","","","","","","","","2","","","","","","","","","","1","","","","","","","","","","","","","","","","","","","","","","","","","","","","","","","","","""times=1636986996498---values=""","","","","","","","","","","","","","","","","","","","","","","","","","","","","false","","","","","Mozilla/5.0 (Windows NT 10.0; Win64; x64) AppleWebKit/537.36 (KHTML, like Gecko) Chrome/95.0.4638.69 Safari/537.36 Edg/95.0.1020.53","false","Chrome","yes","","&quot;&quot;","","50","2021-11-15T14:49:05.000Z",312727,"4376","group_4","5.841121495327103",343269,"864","1536","25","de","DE","session_4",1,"2021-11-15T13:36:54.000Z","182","17","","Windows-PC","20.2 ms","121.9 ms",true,"95.0.4638.69 Safari/537.36 Edg/95.0.1020.53","864","1536"
13,"tasks (4,5,3,1,2)",4,"5. Blink_instructions","1","1","","","","","","","","","","","","","","","","","","","","","","1","","","","","","","","","","","","","","","","","","","","","","","","","","","","","","","","","","","","","","","","","","","","","","","","","","","","","","","","","","","","","","","","","","Mozilla/5.0 (Windows NT 10.0; Win64; x64) AppleWebKit/537.36 (KHTML, like Gecko) Chrome/95.0.4638.69 Safari/537.36 Edg/95.0.1020.53","false","Chrome","yes","","&quot;&quot;","","50","2021-11-15T14:49:05.000Z",312727,"4376","group_4","5.841121495327103",343269,"864","1536","25","de","DE","session_4",1,"2021-11-15T13:36:54.000Z","182","17","","Windows-PC","20.2 ms","121.9 ms",true,"95.0.4638.69 Safari/537.36 Edg/95.0.1020.53","864","1536"
13,"tasks (4,5,3,1,2)",3,"4. Zone Classification","1","2","","","","","","","","","","","","","","","","","","","","","","1","","","","","","0","","","","","","","","","","","1636986872408","1636986842878","","","","","","","","18","","","","","","","","","","","""times=1636986842867;1636986844389;1636986846089;1636986847806;1636986849505;1636986851205;1636986852905;1636986854605;1636986856304;1636986858021;1636986859728;1636986861421;1636986863120;1636986864839;1636986866537;1636986868237;1636986869953;1636986871655---values=;1516;3216;4933;6632;8332;10032;11732;13431;15148;16855;18548;20247;21966;23664;25364;27080;28782""","""times=1636986842867;1636986844591;1636986846306;1636986848006;1636986849706;1636986851406;1636986853122;1636986854822;1636986856521;1636986858221;1636986859922;1636986861621;1636986863338;1636986865032;1636986866738;1636986868441;1636986870154---values=;1718;3433;5133;6833;8533;10249;11949;13648;15348;17049;18748;20465;22159;23865;25568;27281""","","","","","","","blockNr_13_taskNr_3_trialNr_1_recordZone.webm","7","28776","","","","4;16;6;7;14;9;5;15;1;13;11;3;12;2;8;10","","","","","","","","","","false","","","","","Mozilla/5.0 (Windows NT 10.0; Win64; x64) AppleWebKit/537.36 (KHTML, like Gecko) Chrome/95.0.4638.69 Safari/537.36 Edg/95.0.1020.53","false","Chrome","yes","","&quot;&quot;","","50","2021-11-15T14:49:05.000Z",312727,"4376","group_4","5.841121495327103",343269,"864","1536","25","de","DE","session_4",1,"2021-11-15T13:36:54.000Z","182","17","","Windows-PC","20.2 ms","121.9 ms",true,"95.0.4638.69 Safari/537.36 Edg/95.0.1020.53","864","1536"
13,"tasks (4,5,3,1,2)",3,"4. Zone Classification","2","1","","","","","","","","","","","","","","","","","","","","","","1","","","","","","0","","","","","","","","","","","1636986902031","1636986872426","","","","","","","","18","","","","","","","","","","","""times=1636986872422;1636986873936;1636986875655;1636986877355;1636986879053;1636986880769;1636986882469;1636986884169;1636986885885;1636986887585;1636986889285;1636986890985;1636986892684;1636986894401;1636986896101;1636986897801;1636986899500;1636986901212---values=;1512;3231;4930;6629;8345;10045;11745;13461;15161;16861;18561;20260;21977;23677;25377;27076;28788""","""times=1636986872422;1636986874153;1636986875854;1636986877554;1636986879257;1636986880970;1636986882672;1636986884385;1636986886085;1636986887786;1636986889492;1636986891197;1636986892888;1636986894601;1636986896301;1636986898019;1636986899704---values=;1729;3430;5130;6833;8546;10248;11961;13661;15362;17068;18773;20464;22177;23877;25595;27280""","","","","","","","blockNr_13_taskNr_3_trialNr_2_recordZone.webm","3","28779","","","","9;8;11;1;13;6;2;7;10;3;14;4;16;12;5;15","","","","","","","","","","false","","","","","Mozilla/5.0 (Windows NT 10.0; Win64; x64) AppleWebKit/537.36 (KHTML, like Gecko) Chrome/95.0.4638.69 Safari/537.36 Edg/95.0.1020.53","false","Chrome","yes","","&quot;&quot;","","50","2021-11-15T14:49:05.000Z",312727,"4376","group_4","5.841121495327103",343269,"864","1536","25","de","DE","session_4",1,"2021-11-15T13:36:54.000Z","182","17","","Windows-PC","20.2 ms","121.9 ms",true,"95.0.4638.69 Safari/537.36 Edg/95.0.1020.53","864","1536"
13,"tasks (4,5,3,1,2)",3,"4. Zone Classification","3","3","","","","","","","","","","","","","","","","","","","","","","1","","","","","","0","","","","","","","","","","","1636986931804","1636986902046","","","","","","","","18","","","","","","","","","","","""times=1636986902043;1636986903567;1636986905266;1636986906967;1636986908667;1636986910383;1636986912084;1636986913783;1636986915483;1636986917199;1636986918898;1636986920599;1636986922298;1636986924015;1636986925715;1636986927414;1636986929114;1636986930838---values=;1522;3221;4922;6622;8337;10039;11738;13438;15154;16853;18553;20253;21970;23669;25369;27069;28793""","""times=1636986902043;1636986903767;1636986905468;1636986907166;1636986908883;1636986910584;1636986912301;1636986913999;1636986915684;1636986917399;1636986919099;1636986920800;1636986922515;1636986924216;1636986925918;1636986927615;1636986929331---values=;1722;3423;5121;6838;8539;10256;11954;13639;15354;17054;18755;20470;22171;23873;25570;27286""","","","","","","","blockNr_13_taskNr_3_trialNr_3_recordZone.webm","1","28778","","","","8;13;10;15;11;12;14;4;9;3;6;1;16;5;7;2","","","","","","","","","","false","","","","","Mozilla/5.0 (Windows NT 10.0; Win64; x64) AppleWebKit/537.36 (KHTML, like Gecko) Chrome/95.0.4638.69 Safari/537.36 Edg/95.0.1020.53","false","Chrome","yes","","&quot;&quot;","","50","2021-11-15T14:49:05.000Z",312727,"4376","group_4","5.841121495327103",343269,"864","1536","25","de","DE","session_4",1,"2021-11-15T13:36:54.000Z","182","17","","Windows-PC","20.2 ms","121.9 ms",true,"95.0.4638.69 Safari/537.36 Edg/95.0.1020.53","864","1536"
13,"tasks (4,5,3,1,2)",3,"4. Zone Classification","4","5","","","","","","","","","","","","","","","","","","","","","","1","","","","","","0","","","","","","","","","","","1636986961507","1636986931819","","","","","","","","18","","","","","","","","","","","""times=1636986931816;1636986933331;1636986935031;1636986936746;1636986938446;1636986940146;1636986941863;1636986943562;1636986945263;1636986946963;1636986948662;1636986950362;1636986952062;1636986953779;1636986955478;1636986957194;1636986958894;1636986960610---values=;1513;3213;4928;6628;8328;10045;11744;13445;15145;16844;18544;20244;21960;23660;25376;27076;28792""","""times=1636986931816;1636986933548;1636986935247;1636986936947;1636986938648;1636986940364;1636986942063;1636986943763;1636986945463;1636986947176;1636986948863;1636986950580;1636986952279;1636986953979;1636986955679;1636986957396;1636986959095---values=;1730;3429;5129;6830;8546;10245;11945;13645;15358;17045;18762;20461;22161;23861;25577;27277""","","","","","","","blockNr_13_taskNr_3_trialNr_4_recordZone.webm","2","28785","","","","11;9;12;14;2;1;13;10;8;4;7;15;5;6;3;16","","","","","","","","","","false","","","","","Mozilla/5.0 (Windows NT 10.0; Win64; x64) AppleWebKit/537.36 (KHTML, like Gecko) Chrome/95.0.4638.69 Safari/537.36 Edg/95.0.1020.53","false","Chrome","yes","","&quot;&quot;","","50","2021-11-15T14:49:05.000Z",312727,"4376","group_4","5.841121495327103",343269,"864","1536","25","de","DE","session_4",1,"2021-11-15T13:36:54.000Z","182","17","","Windows-PC","20.2 ms","121.9 ms",true,"95.0.4638.69 Safari/537.36 Edg/95.0.1020.53","864","1536"
13,"tasks (4,5,3,1,2)",3,"4. Zone Classification","5","4","","","","","","","","","","","","","","","","","","","","","","1","","","","","","0","","","","","","","","","","","1636986991138","1636986961523","","","","","","","","18","","","","","","","","","","","""times=1636986961520;1636986963027;1636986964743;1636986966443;1636986968143;1636986969860;1636986971559;1636986973285;1636986974976;1636986976675;1636986978375;1636986980092;1636986981791;1636986983491;1636986985191;1636986986907;1636986988607;1636986990308---values=;1505;3221;4921;6621;8338;10037;11763;13454;15153;16853;18570;20269;21969;23669;25385;27085;28786""","""times=1636986961520;1636986963245;1636986964944;1636986966643;1636986968360;1636986970060;1636986971759;1636986973476;1636986975176;1636986976876;1636986978592;1636986980292;1636986981992;1636986983710;1636986985409;1636986987108;1636986988807---values=;1723;3422;5121;6838;8538;10237;11954;13653;15354;17070;18770;20470;22188;23887;25586;27285""","","","","","","","blockNr_13_taskNr_3_trialNr_5_recordZone.webm","2","28780","","","","1;10;13;5;2;16;14;8;4;6;7;9;3;11;12;15","","","","","","","","","","false","","","","","Mozilla/5.0 (Windows NT 10.0; Win64; x64) AppleWebKit/537.36 (KHTML, like Gecko) Chrome/95.0.4638.69 Safari/537.36 Edg/95.0.1020.53","false","Chrome","yes","","&quot;&quot;","","50","2021-11-15T14:49:05.000Z",312727,"4376","group_4","5.841121495327103",343269,"864","1536","25","de","DE","session_4",1,"2021-11-15T13:36:54.000Z","182","17","","Windows-PC","20.2 ms","121.9 ms",true,"95.0.4638.69 Safari/537.36 Edg/95.0.1020.53","864","1536"
13,"tasks (4,5,3,1,2)",2,"ex_Zone Classification","1","1","","","","","","","","","","","","2","","","","","","","","","","1","","14;2;7;9;16;6;12;8;4;10;11;3;13;1;15;5","","","","","","","","","","","","","","","","","","","","","","","","1","","","","","","","","","","","","","","","","","","","","","","","","","1;2;3;4;5;6;7;8;9;10;11;12;13;14;15;16","","","","","","","","","","false","","","","","Mozilla/5.0 (Windows NT 10.0; Win64; x64) AppleWebKit/537.36 (KHTML, like Gecko) Chrome/95.0.4638.69 Safari/537.36 Edg/95.0.1020.53","false","Chrome","yes","","&quot;&quot;","","50","2021-11-15T14:49:05.000Z",312727,"4376","group_4","5.841121495327103",343269,"864","1536","25","de","DE","session_4",1,"2021-11-15T13:36:54.000Z","182","17","","Windows-PC","20.2 ms","121.9 ms",true,"95.0.4638.69 Safari/537.36 Edg/95.0.1020.53","864","1536"
13,"tasks (4,5,3,1,2)",1,"4. zone_Instructions","1","1","","","","","","","","","","","","","","","","","","","","","","1","","","","","","","","","","","","","","","","","","","","","","","","","","","","","","","","","","","","","","","","","","","","","","","","","","","","","","","","","","","","","","","","","","Mozilla/5.0 (Windows NT 10.0; Win64; x64) AppleWebKit/537.36 (KHTML, like Gecko) Chrome/95.0.4638.69 Safari/537.36 Edg/95.0.1020.53","false","Chrome","yes","","&quot;&quot;","","50","2021-11-15T14:49:05.000Z",312727,"4376","group_4","5.841121495327103",343269,"864","1536","25","de","DE","session_4",1,"2021-11-15T13:36:54.000Z","182","17","","Windows-PC","20.2 ms","121.9 ms",true,"95.0.4638.69 Safari/537.36 Edg/95.0.1020.53","864","1536"
11,"E_calibration",3,"E_calib","1","1","","","","","""times=1636986810447;1636986814903;1636986816367;1636986818870;1636986820009;1636986821048;1636986822676;1636986824573;1636986825775;1636986826879;1636986827743;1636986828924;1636986830121;1636986831461;1636986832173;1636986833182---values=180,0,90,270;180,270,0,90;90,0,270,180;90,0,270,180;180,270,90,0;0,90,180,270;270,0,90,180;90,270,180,0;90,180,270,0;90,270,180,0;0,180,270,90;270,0,180,90;270,90,0,180;270,180,90,0;180,0,90,270;270,180,90,0""","","","","","","","","","","","","","","","","","1","","","","""times=1636986814902;1636986816365;1636986818869;1636986820007;1636986821047;1636986822675;1636986824571;1636986825773;1636986826878;1636986827741;1636986828922;1636986830119;1636986831459;1636986832170;1636986833182;1636986834083---values=2;3;4;5;6;7;8;9;10;11;12;13;14;15;16;17""","","0","","","","","","","","","","","","1636986810449","","","","","","","","","","","","","","4","","","45;45;45;45;315;315;315;315;585;585;585;585;855;855;855;855","80;560;1040;1520;80;560;1040;1520;80;560;1040;1520;80;560;1040;1520","","","","","","","","","","","","","","","","9;15;8;6;13;12;5;10;7;2;1;11;14;3;16;4","","","","","""times=1636986810429;1636986810459;1636986814910;1636986816376;1636986818876;1636986820013;1636986821059;1636986822692;1636986824576;1636986825777;1636986826892;1636986827758;1636986828926;1636986830126;1636986831474;1636986832176;1636986833191;1636986834092---values=;16;4467;5933;8433;9570;10616;12249;14133;15334;16449;17315;18483;19683;21031;21733;22748;23649""","""times=1636986810428;1636986810445;1636986814902;1636986816365;1636986818869;1636986820007;1636986821047;1636986822675;1636986824571;1636986825773;1636986826878;1636986827741;1636986828922;1636986830119;1636986831459;1636986832170;1636986833182;1636986834083---values=;1636986810445;1636986814902;1636986816365;1636986818869;1636986820007;1636986821047;1636986822675;1636986824571;1636986825773;1636986826878;1636986827741;1636986828922;1636986830119;1636986831459;1636986832170;1636986833182;1636986834083""","","","false","blockNr_11_taskNr_3_trialNr_1_video_calib.webm","","","","Mozilla/5.0 (Windows NT 10.0; Win64; x64) AppleWebKit/537.36 (KHTML, like Gecko) Chrome/95.0.4638.69 Safari/537.36 Edg/95.0.1020.53","false","Chrome","yes","","&quot;&quot;","","50","2021-11-15T14:49:05.000Z",312727,"4376","group_4","5.841121495327103",343269,"864","1536","25","de","DE","session_4",1,"2021-11-15T13:36:54.000Z","182","17","","Windows-PC","20.2 ms","121.9 ms",true,"95.0.4638.69 Safari/537.36 Edg/95.0.1020.53","864","1536"
11,"E_calibration",2,"ex_E_calib","1","1","","","","","","","","","","","","2","","","","","","","","","","1","","","12;3;13;5;6;1;7;15;10;16;9;14;11;2;4;8","""times=1636986809769---values=1""","","0","","","","","","","","","","","","","","","","","","","","","","","","","","0","","","","","","","","","","","","","","","","","","","","1;2;3;4;5;6;7;8;9;10;11;12;13;14;15;16","","","","","","","","","false","","","","","Mozilla/5.0 (Windows NT 10.0; Win64; x64) AppleWebKit/537.36 (KHTML, like Gecko) Chrome/95.0.4638.69 Safari/537.36 Edg/95.0.1020.53","false","Chrome","yes","","&quot;&quot;","","50","2021-11-15T14:49:05.000Z",312727,"4376","group_4","5.841121495327103",343269,"864","1536","25","de","DE","session_4",1,"2021-11-15T13:36:54.000Z","182","17","","Windows-PC","20.2 ms","121.9 ms",true,"95.0.4638.69 Safari/537.36 Edg/95.0.1020.53","864","1536"
11,"E_calibration",1,"E_calib_instructions","1","1","","","","","","","","","","","","2","","","","","","","","","","1","","","","","","","","","","","","","","","","","","","","","","","","","","","","","","","","","","","","","","","","","","","","","","","","","","","","","","","","","","","","","","","","","","Mozilla/5.0 (Windows NT 10.0; Win64; x64) AppleWebKit/537.36 (KHTML, like Gecko) Chrome/95.0.4638.69 Safari/537.36 Edg/95.0.1020.53","false","Chrome","yes","","&quot;&quot;","","50","2021-11-15T14:49:05.000Z",312727,"4376","group_4","5.841121495327103",343269,"864","1536","25","de","DE","session_4",1,"2021-11-15T13:36:54.000Z","182","17","","Windows-PC","20.2 ms","121.9 ms",true,"95.0.4638.69 Safari/537.36 Edg/95.0.1020.53","864","1536"
10,"SP_calibration",3,"SP_calib","1","1","","","","","","","","","","blockNr_10_taskNr_3_trialNr_1_calib_sp_record.webm","","","","","","","","","","","","1","","","","","","0","","","","","","","","","","","","2","","","","","","","","","","","","","""times=1636986771732;1636986772733---values=false;true""","","","","","","","","","","","","24984","","","","","","","","","","""times=1636986772734;1636986772764;1636986772797;1636986772824;1636986772856;1636986772887;1636986772915;1636986772947;1636986772979;1636986773008;1636986773034;1636986773064;1636986773094;1636986773127;1636986773155;1636986773188;1636986773214;1636986773247;1636986773281;1636986773310;1636986773339;1636986773364;1636986773397;1636986773427;1636986773462;1636986773489;1636986773515;1636986773547;1636986773577;1636986773606;1636986773639;1636986773665;1636986773694;1636986773730;1636986773759;1636986773790;1636986773815;1636986773848;1636986773875;1636986773905;1636986773978;1636986773999;1636986774012;1636986774027;1636986774058;1636986774086;1636986774114;1636986774144;1636986774180;1636986774207;1636986774236;1636986774264;1636986774296;1636986774327;1636986774355;1636986774385;1636986774414;1636986774447;1636986774480;1636986774508;1636986774538;1636986774574;1636986774597;1636986774625;1636986774654;1636986774684;1636986774717;1636986774747;1636986774777;1636986774805;1636986774841;1636986774864;1636986774894;1636986774929;1636986774957;1636986774991;1636986775015;1636986775046;1636986775075;1636986775106;1636986775138;1636986775165;1636986775196;1636986775229;1636986775263;1636986775286;1636986775315;1636986775350;1636986775378;1636986775408;1636986775437;1636986775473;1636986775497;1636986775530;1636986775554;1636986775587;1636986775617;1636986775646;1636986775675;1636986775711;1636986775739;1636986775775;1636986775797;1636986775829;1636986775855;1636986775886;1636986775913;1636986775946;1636986775979;1636986776005;1636986776041;1636986776065;1636986776096;1636986776128;1636986776156;1636986776193;1636986776214;1636986776246;1636986776275;1636986776306;1636986776335;1636986776364;1636986776396;1636986776427;1636986776459;1636986776488;1636986776518;1636986776546;1636986776575;1636986776606;1636986776639;1636986776668;1636986776694;1636986776726;1636986776755;1636986776790;1636986776825;1636986776847;1636986776880;1636986776905;1636986776935;1636986776968;1636986776996;1636986777026;1636986777053;1636986777092;1636986777120;1636986777146;1636986777178;1636986777207;1636986777236;1636986777263;1636986777297;1636986777324;1636986777358;1636986777387;1636986777417;1636986777445;1636986777477;1636986777505;1636986777538;1636986777569;1636986777596;1636986777624;1636986777656;1636986777686;1636986777719;1636986777746;1636986777776;1636986777812;1636986777840;1636986777863;1636986777897;1636986777927;1636986777963;1636986777991;1636986778020;1636986778046;1636986778078;1636986778106;1636986778143;1636986778164;1636986778194;1636986778229;1636986778258;1636986778287;1636986778321;1636986778346;1636986778375;1636986778412;1636986778437;1636986778469;1636986778496;1636986778524;1636986778554;1636986778588;1636986778614;1636986778647;1636986778677;1636986778706;1636986778737;1636986778769;1636986778796;1636986778826;1636986778863;1636986778891;1636986778920;1636986778945;1636986778979;1636986779007;1636986779036;1636986779071;1636986779096;1636986779129;1636986779158;1636986779186;1636986779213;1636986779246;1636986779278;1636986779305;1636986779338;1636986779367;1636986779397;1636986779425;1636986779461;1636986779487;1636986779514;1636986779546;1636986779579;1636986779605;1636986779637;1636986779671;1636986779697;1636986779726;1636986779755;1636986779785;1636986779820;1636986779846;1636986779874;1636986779905;1636986779934;1636986779969;1636986779996;1636986780029;1636986780058;1636986780086;1636986780122;1636986780146;1636986780179;1636986780209;1636986780238;1636986780275;1636986780296;1636986780323;1636986780361;1636986780388;1636986780425;1636986780445;1636986780479;1636986784706;1636986784736;1636986784764;1636986784795;1636986784828;1636986784859;1636986784885;1636986784920;1636986784945;1636986784978;1636986785006;1636986785041;1636986785067;1636986785095;1636986785129;1636986785158;1636986785187;1636986785217;1636986785246;1636986785275;1636986785304;1636986785340;1636986785372;1636986785397;1636986785426;1636986785455;1636986785483;1636986785520;1636986785545;1636986785575;1636986785608;1636986785636;1636986785665;1636986785695;1636986785728;1636986785762;1636986785786;1636986785822;1636986785845;1636986785879;1636986785912;1636986785937;1636986785971;1636986785995;1636986786029;1636986786056;1636986786087;1636986786115;1636986786145;1636986786174;1636986786212;1636986786239;1636986786268;1636986786296;1636986786325;1636986786355;1636986786388;1636986786418;1636986786445;1636986786479;1636986786506;1636986786542;1636986786571;1636986786595;1636986786624;1636986786657;1636986786686;1636986786715;1636986786745;1636986786778;1636986786809;1636986786836;1636986786867;1636986786895;1636986786928;1636986786961;1636986786988;1636986787024;1636986787046;1636986787079;1636986787106;1636986787145;1636986787169;1636986787195;1636986787228;1636986787261;1636986787287;1636986787318;1636986787345;1636986787378;1636986787411;1636986787439;1636986787468;1636986787497;1636986787525;1636986787555;1636986787586;1636986787619;1636986787645;1636986787677;1636986787705;1636986787735;1636986787765;1636986787795;1636986787828;1636986787857;1636986787885;1636986787918;1636986787945;1636986787978;1636986788004;1636986788035;1636986788072;1636986788094;1636986788128;1636986788162;1636986788187;1636986788216;1636986788245;1636986788278;1636986788306;1636986788337;1636986788373;1636986788395;1636986788425;1636986788453;1636986788486;1636986788516;1636986788545;1636986788580;1636986788607;1636986788635;1636986788671;1636986788695;1636986788728;1636986788755;1636986788787;1636986788819;1636986788844;1636986788878;1636986788908;1636986788937;1636986788972;1636986788995;1636986789028;1636986789058;1636986789087;1636986789114;1636986789144;1636986789175;1636986789210;1636986789239;1636986789275;1636986789295;1636986789326;1636986789361;1636986789392;1636986789424;1636986789446;1636986789475;1636986789506;1636986789542;1636986789570;1636986789595;1636986789627;1636986789657;1636986789684;1636986789717;1636986789747;1636986789776;1636986789805;1636986789842;1636986789869;1636986789895;1636986789928;1636986789957;1636986789985;1636986790020;1636986790045;1636986790076;1636986790104;1636986790136;1636986790165;1636986790196;1636986790226;1636986790259;1636986790283;1636986790322;1636986790345;1636986790375;1636986790411;1636986790437;1636986790473;1636986790495;1636986790528;1636986790560;1636986790588;1636986790617;1636986790645;1636986790678;1636986790704;1636986790739;1636986790767;1636986790795;1636986790824;1636986790861;1636986790886;1636986790918;1636986790946;1636986790975;1636986791004;1636986791039;1636986791068;1636986791095;1636986791125;1636986791161;1636986791188;1636986791217;1636986791245;1636986791278;1636986791311;1636986791338;1636986791367;1636986791395;1636986791424;1636986791457;1636986791485;1636986791517;1636986791547;1636986791575;1636986791606;1636986791640;1636986791667;1636986791694;1636986791728;1636986791761;1636986791785;1636986791814;1636986791846;1636986791874;1636986791909;1636986791938;1636986791967;1636986791994;1636986792024;1636986792059;1636986792095;1636986792122;1636986792146;1636986792178;1636986792210;1636986792237;1636986792265;1636986792295;1636986792328;1636986792359;1636986792386;1636986792416;1636986792444;1636986792479---values=160;165;170;175;180;185;190;195;200;205;210;215;220;225;230;235;240;245;250;255;260;265;270;275;280;285;290;295;300;305;310;315;320;325;330;335;340;345;350;355;360;365;370;375;380;385;390;395;400;405;410;415;420;425;430;435;440;445;450;455;460;465;470;475;480;485;490;495;500;505;510;515;520;525;530;535;540;545;550;555;560;565;570;575;580;585;590;595;600;605;610;615;620;625;630;635;640;645;650;655;660;665;670;675;680;685;690;695;700;705;710;715;720;725;730;735;740;745;750;755;760;765;770;775;780;785;790;795;800;805;810;815;820;825;830;835;840;845;850;855;860;865;870;875;880;885;890;895;900;905;910;915;920;925;930;935;940;945;950;955;960;965;970;975;980;985;990;995;1000;1005;1010;1015;1020;1025;1030;1035;1040;1045;1050;1055;1060;1065;1070;1075;1080;1085;1090;1095;1100;1105;1110;1115;1120;1125;1130;1135;1140;1145;1150;1155;1160;1165;1170;1175;1180;1185;1190;1195;1200;1205;1210;1215;1220;1225;1230;1235;1240;1245;1250;1255;1260;1265;1270;1275;1280;1285;1290;1295;1300;1305;1310;1315;1320;1325;1330;1335;1340;1345;1350;1355;1360;1365;1370;1375;1380;1385;1390;1395;1400;1405;1410;1415;1420;1425;1430;1435;1440;1445;1450;1445;1440;1435;1430;1425;1420;1415;1410;1405;1400;1395;1390;1385;1380;1375;1370;1365;1360;1355;1350;1345;1340;1335;1330;1325;1320;1315;1310;1305;1300;1295;1290;1285;1280;1275;1270;1265;1260;1255;1250;1245;1240;1235;1230;1225;1220;1215;1210;1205;1200;1195;1190;1185;1180;1175;1170;1165;1160;1155;1150;1145;1140;1135;1130;1125;1120;1115;1110;1105;1100;1095;1090;1085;1080;1075;1070;1065;1060;1055;1050;1045;1040;1035;1030;1025;1020;1015;1010;1005;1000;995;990;985;980;975;970;965;960;955;950;945;940;935;930;925;920;915;910;905;900;895;890;885;880;875;870;865;860;855;850;845;840;835;830;825;820;815;810;805;800;795;790;785;780;775;770;765;760;755;750;745;740;735;730;725;720;715;710;705;700;695;690;685;680;675;670;665;660;655;650;645;640;635;630;625;620;615;610;605;600;595;590;585;580;575;570;565;560;555;550;545;540;535;530;525;520;515;510;505;500;495;490;485;480;475;470;465;460;455;450;445;440;435;430;425;420;415;410;405;400;395;390;385;380;375;370;365;360;355;350;345;340;335;330;325;320;315;310;305;300;295;290;285;280;275;270;265;260;255;250;245;240;235;230;225;220;215;210;205;200;195;190;185;180;175;170;165;160;155;150""","""times=1636986772736;1636986780511;1636986780534;1636986780564;1636986780596;1636986780625;1636986780655;1636986780685;1636986780720;1636986780745;1636986780779;1636986780804;1636986780836;1636986780864;1636986780896;1636986780929;1636986780955;1636986780985;1636986781016;1636986781045;1636986781079;1636986781109;1636986781138;1636986781175;1636986781196;1636986781224;1636986781262;1636986781289;1636986781318;1636986781349;1636986781379;1636986781404;1636986781440;1636986781464;1636986781494;1636986781528;1636986781554;1636986781583;1636986781620;1636986781646;1636986781674;1636986781706;1636986781736;1636986781773;1636986781796;1636986781828;1636986781854;1636986781888;1636986781914;1636986781946;1636986781977;1636986782007;1636986782038;1636986782069;1636986782096;1636986782128;1636986782155;1636986782191;1636986782214;1636986782246;1636986782277;1636986782306;1636986782342;1636986782371;1636986782395;1636986782429;1636986782457;1636986782485;1636986782521;1636986782546;1636986782579;1636986782609;1636986782637;1636986782664;1636986782696;1636986782726;1636986782753;1636986782787;1636986782824;1636986782845;1636986782875;1636986782912;1636986782936;1636986782968;1636986782995;1636986783026;1636986783062;1636986783090;1636986783117;1636986783146;1636986783176;1636986783206;1636986783235;1636986783266;1636986783296;1636986783326;1636986783356;1636986783385;1636986783421;1636986783446;1636986783479;1636986783512;1636986783536;1636986783572;1636986783596;1636986783629;1636986783659;1636986783687;1636986783718;1636986783745;1636986783779;1636986783810;1636986783838;1636986783867;1636986783894;1636986783926;1636986783959;1636986783989;1636986784019;1636986784044;1636986784077;1636986784112;1636986784141;1636986784169;1636986784195;1636986784227;1636986784256;1636986784284;1636986784321;1636986784345;1636986784378;1636986784405;1636986784435;1636986784472;1636986784495;1636986784531;1636986784553;1636986784591;1636986784621;1636986784646;1636986784679;1636986792508;1636986792541;1636986792565;1636986792594;1636986792630;1636986792655;1636986792689;1636986792715;1636986792745;1636986792778;1636986792811;1636986792836;1636986792871;1636986792896;1636986792924;1636986792955;1636986792985;1636986793021;1636986793044;1636986793076;1636986793108;1636986793135;1636986793171;1636986793195;1636986793228;1636986793256;1636986793291;1636986793318;1636986793345;1636986793377;1636986793404;1636986793440;1636986793469;1636986793494;1636986793528;1636986793560;1636986793588;1636986793618;1636986793645;1636986793677;1636986793704;1636986793738;1636986793765;1636986793794;1636986793825;1636986793861;1636986793887;1636986793915;1636986793944;1636986793975;1636986794004;1636986794036;1636986794070;1636986794094;1636986794128;1636986794156;1636986794184;1636986794220;1636986794245;1636986794278;1636986794305;1636986794341;1636986794368;1636986794395;1636986794424;1636986794461;1636986794484;1636986794518;1636986794544;1636986794574;1636986794606;1636986794638;1636986794666;1636986794694;1636986794728;1636986794757;1636986794785;1636986794814;1636986794845;1636986794878;1636986794911;1636986794935;1636986794966;1636986794994;1636986795026;1636986795056;1636986795089;1636986795117;1636986795145;1636986795177;1636986795209;1636986795237;1636986795264;1636986795294;1636986795328;1636986795355;1636986795385;1636986795415;1636986795445;1636986795474;1636986795506;1636986795534;1636986795570;1636986795594;1636986795625;1636986795661;1636986795688;1636986795723;1636986795745;1636986795778;1636986795809;1636986795834;1636986795873;1636986795896;1636986795927;1636986795958;1636986795988;1636986796016;1636986796045;1636986796075;1636986796105;1636986796137;1636986796165;1636986796195;1636986796227;1636986796260;1636986796286;1636986796314;1636986796345;1636986796378;1636986796404;1636986796436;1636986796465;1636986796494;1636986796527;1636986796556;1636986796585;1636986796620;1636986796644;1636986796674---values=100;105;110;115;120;125;130;135;140;145;150;155;160;165;170;175;180;185;190;195;200;205;210;215;220;225;230;235;240;245;250;255;260;265;270;275;280;285;290;295;300;305;310;315;320;325;330;335;340;345;350;355;360;365;370;375;380;385;390;395;400;405;410;415;420;425;430;435;440;445;450;455;460;465;470;475;480;485;490;495;500;505;510;515;520;525;530;535;540;545;550;555;560;565;570;575;580;585;590;595;600;605;610;615;620;625;630;635;640;645;650;655;660;665;670;675;680;685;690;695;700;705;710;715;720;725;730;735;740;745;750;755;760;765;770;775;780;785;790;795;800;795;790;785;780;775;770;765;760;755;750;745;740;735;730;725;720;715;710;705;700;695;690;685;680;675;670;665;660;655;650;645;640;635;630;625;620;615;610;605;600;595;590;585;580;575;570;565;560;555;550;545;540;535;530;525;520;515;510;505;500;495;490;485;480;475;470;465;460;455;450;445;440;435;430;425;420;415;410;405;400;395;390;385;380;375;370;365;360;355;350;345;340;335;330;325;320;315;310;305;300;295;290;285;280;275;270;265;260;255;250;245;240;235;230;225;220;215;210;205;200;195;190;185;180;175;170;165;160;155;150;145;140;135;130;125;120;115;110;105;100""","","","","","","""times=1636986771732;1636986772747;1636986772782;1636986772802;1636986772831;1636986772865;1636986772898;1636986772932;1636986772965;1636986772983;1636986773015;1636986773049;1636986773067;1636986773100;1636986773131;1636986773165;1636986773198;1636986773231;1636986773251;1636986773286;1636986773315;1636986773348;1636986773382;1636986773415;1636986773432;1636986773467;1636986773500;1636986773531;1636986773565;1636986773584;1636986773615;1636986773656;1636986773682;1636986773698;1636986773733;1636986773765;1636986773799;1636986773831;1636986773853;1636986773881;1636986773922;1636986773987;1636986774009;1636986774014;1636986774031;1636986774064;1636986774097;1636986774131;1636986774147;1636986774181;1636986774214;1636986774247;1636986774281;1636986774299;1636986774331;1636986774365;1636986774399;1636986774433;1636986774465;1636986774497;1636986774514;1636986774548;1636986774581;1636986774614;1636986774631;1636986774664;1636986774697;1636986774730;1636986774764;1636986774780;1636986774814;1636986774847;1636986774881;1636986774897;1636986774931;1636986774964;1636986774997;1636986775030;1636986775064;1636986775081;1636986775114;1636986775147;1636986775181;1636986775199;1636986775231;1636986775265;1636986775297;1636986775331;1636986775352;1636986775381;1636986775414;1636986775447;1636986775481;1636986775514;1636986775532;1636986775564;1636986775597;1636986775630;1636986775648;1636986775682;1636986775714;1636986775748;1636986775782;1636986775814;1636986775831;1636986775863;1636986775897;1636986775930;1636986775948;1636986775982;1636986776014;1636986776047;1636986776080;1636986776098;1636986776130;1636986776164;1636986776197;1636986776230;1636986776264;1636986776280;1636986776313;1636986776347;1636986776381;1636986776398;1636986776431;1636986776464;1636986776497;1636986776530;1636986776548;1636986776582;1636986776614;1636986776648;1636986776683;1636986776697;1636986776730;1636986776764;1636986776797;1636986776831;1636986776864;1636986776897;1636986776914;1636986776950;1636986776980;1636986777013;1636986777030;1636986777063;1636986777097;1636986777130;1636986777147;1636986777180;1636986777213;1636986777246;1636986777280;1636986777314;1636986777330;1636986777364;1636986777397;1636986777430;1636986777448;1636986777480;1636986777513;1636986777547;1636986777580;1636986777598;1636986777630;1636986777664;1636986777697;1636986777730;1636986777763;1636986777782;1636986777815;1636986777847;1636986777881;1636986777914;1636986777930;1636986777965;1636986777997;1636986778030;1636986778049;1636986778081;1636986778114;1636986778147;1636986778182;1636986778198;1636986778231;1636986778264;1636986778297;1636986778330;1636986778363;1636986778380;1636986778414;1636986778447;1636986778481;1636986778499;1636986778531;1636986778564;1636986778599;1636986778630;1636986778664;1636986778681;1636986778713;1636986778746;1636986778780;1636986778813;1636986778830;1636986778880;1636986778897;1636986778931;1636986778947;1636986778981;1636986779014;1636986779048;1636986779081;1636986779098;1636986779137;1636986779164;1636986779197;1636986779231;1636986779250;1636986779284;1636986779314;1636986779347;1636986779380;1636986779418;1636986779430;1636986779464;1636986779497;1636986779530;1636986779563;1636986779597;1636986779613;1636986779647;1636986779680;1636986779713;1636986779730;1636986779764;1636986779797;1636986779830;1636986779848;1636986779880;1636986779913;1636986779946;1636986779980;1636986779998;1636986780032;1636986780064;1636986780097;1636986780130;1636986780147;1636986780181;1636986780213;1636986780247;1636986780279;1636986780313;1636986780330;1636986780364;1636986780397;1636986780430;1636986780447;1636986780481;1636986780514;1636986780547;1636986780580;1636986780613;1636986780629;1636986780663;1636986780696;1636986780730;1636986780747;1636986780782;1636986780813;1636986780847;1636986780880;1636986780898;1636986780931;1636986780964;1636986780997;1636986781030;1636986781048;1636986781082;1636986781113;1636986781146;1636986781180;1636986781213;1636986781230;1636986781264;1636986781298;1636986781331;1636986781364;1636986781381;1636986781413;1636986781447;1636986781480;1636986781497;1636986781531;1636986781563;1636986781597;1636986781630;1636986781649;1636986781681;1636986781714;1636986781747;1636986781780;1636986781798;1636986781831;1636986781863;1636986781897;1636986781930;1636986781964;1636986781980;1636986782013;1636986782047;1636986782080;1636986782098;1636986782131;1636986782164;1636986782196;1636986782230;1636986782263;1636986782280;1636986782313;1636986782346;1636986782380;1636986782398;1636986782431;1636986782463;1636986782497;1636986782530;1636986782564;1636986782582;1636986782613;1636986782646;1636986782680;1636986782713;1636986782729;1636986782763;1636986782796;1636986782830;1636986782848;1636986782879;1636986782914;1636986782946;1636986782980;1636986782997;1636986783030;1636986783064;1636986783096;1636986783129;1636986783164;1636986783180;1636986783213;1636986783247;1636986783280;1636986783314;1636986783330;1636986783365;1636986783397;1636986783429;1636986783463;1636986783496;1636986783515;1636986783546;1636986783579;1636986783613;1636986783631;1636986783663;1636986783697;1636986783731;1636986783748;1636986783782;1636986783813;1636986783847;1636986783883;1636986783897;1636986783929;1636986783963;1636986783996;1636986784031;1636986784048;1636986784080;1636986784115;1636986784146;1636986784180;1636986784199;1636986784231;1636986784263;1636986784296;1636986784329;1636986784348;1636986784380;1636986784413;1636986784446;1636986784480;1636986784498;1636986784546;1636986784564;1636986784596;1636986784630;1636986784664;1636986784696;1636986784713;1636986784746;1636986784779;1636986784797;1636986784831;1636986784863;1636986784896;1636986784929;1636986784948;1636986784980;1636986785013;1636986785047;1636986785080;1636986785098;1636986785134;1636986785164;1636986785197;1636986785230;1636986785263;1636986785279;1636986785313;1636986785346;1636986785379;1636986785413;1636986785429;1636986785465;1636986785496;1636986785530;1636986785549;1636986785580;1636986785613;1636986785647;1636986785680;1636986785697;1636986785731;1636986785765;1636986785798;1636986785830;1636986785863;1636986785896;1636986785914;1636986785946;1636986785981;1636986785997;1636986786031;1636986786063;1636986786097;1636986786130;1636986786150;1636986786180;1636986786215;1636986786246;1636986786279;1636986786313;1636986786329;1636986786363;1636986786396;1636986786430;1636986786449;1636986786482;1636986786513;1636986786546;1636986786581;1636986786613;1636986786629;1636986786662;1636986786696;1636986786729;1636986786762;1636986786781;1636986786813;1636986786846;1636986786879;1636986786898;1636986786932;1636986786963;1636986786996;1636986787030;1636986787062;1636986787096;1636986787112;1636986787147;1636986787179;1636986787198;1636986787230;1636986787264;1636986787296;1636986787330;1636986787349;1636986787381;1636986787413;1636986787446;1636986787479;1636986787514;1636986787529;1636986787563;1636986787596;1636986787629;1636986787663;1636986787681;1636986787713;1636986787747;1636986787780;1636986787798;1636986787830;1636986787863;1636986787896;1636986787929;1636986787962;1636986787980;1636986788013;1636986788046;1636986788080;1636986788097;1636986788130;1636986788164;1636986788211;1636986788229;1636986788249;1636986788280;1636986788312;1636986788345;1636986788379;1636986788413;1636986788429;1636986788463;1636986788495;1636986788529;1636986788547;1636986788582;1636986788613;1636986788647;1636986788679;1636986788713;1636986788730;1636986788762;1636986788796;1636986788829;1636986788847;1636986788883;1636986788913;1636986788946;1636986788980;1636986789013;1636986789046;1636986789062;1636986789096;1636986789130;1636986789147;1636986789179;1636986789213;1636986789246;1636986789279;1636986789298;1636986789329;1636986789363;1636986789395;1636986789429;1636986789463;1636986789479;1636986789512;1636986789545;1636986789579;1636986789598;1636986789630;1636986789662;1636986789695;1636986789729;1636986789763;1636986789781;1636986789813;1636986789846;1636986789879;1636986789912;1636986789930;1636986789962;1636986789996;1636986790029;1636986790048;1636986790080;1636986790113;1636986790146;1636986790180;1636986790213;1636986790230;1636986790263;1636986790296;1636986790329;1636986790362;1636986790379;1636986790413;1636986790445;1636986790479;1636986790497;1636986790530;1636986790563;1636986790595;1636986790629;1636986790662;1636986790696;1636986790712;1636986790747;1636986790779;1636986790812;1636986790829;1636986790864;1636986790895;1636986790930;1636986790963;1636986790979;1636986791014;1636986791047;1636986791079;1636986791112;1636986791129;1636986791164;1636986791196;1636986791229;1636986791262;1636986791281;1636986791314;1636986791346;1636986791381;1636986791397;1636986791429;1636986791463;1636986791496;1636986791539;1636986791562;1636986791579;1636986791612;1636986791646;1636986791679;1636986791697;1636986791731;1636986791764;1636986791796;1636986791839;1636986791863;1636986791881;1636986791914;1636986791946;1636986791979;1636986791997;1636986792029;1636986792064;1636986792097;1636986792129;1636986792149;1636986792181;1636986792213;1636986792246;1636986792279;1636986792313;1636986792330;1636986792362;1636986792395;1636986792429;1636986792446;1636986792481;1636986792512;1636986792545;1636986792580;1636986792597;1636986792635;1636986792662;1636986792696;1636986792729;1636986792762;1636986792795;1636986792813;1636986792845;1636986792879;1636986792897;1636986792928;1636986792961;1636986792994;1636986793028;1636986793061;1636986793078;1636986793114;1636986793145;1636986793179;1636986793213;1636986793230;1636986793262;1636986793295;1636986793329;1636986793362;1636986793380;1636986793414;1636986793446;1636986793479;1636986793497;1636986793530;1636986793563;1636986793595;1636986793629;1636986793662;1636986793680;1636986793712;1636986793746;1636986793778;1636986793798;1636986793829;1636986793863;1636986793895;1636986793929;1636986793962;1636986793979;1636986794012;1636986794045;1636986794079;1636986794096;1636986794131;1636986794163;1636986794197;1636986794229;1636986794262;1636986794295;1636986794312;1636986794345;1636986794378;1636986794412;1636986794428;1636986794463;1636986794495;1636986794529;1636986794546;1636986794578;1636986794612;1636986794646;1636986794678;1636986794697;1636986794730;1636986794762;1636986794795;1636986794829;1636986794862;1636986794880;1636986794913;1636986794945;1636986794978;1636986794998;1636986795030;1636986795062;1636986795095;1636986795128;1636986795162;1636986795180;1636986795212;1636986795245;1636986795278;1636986795311;1636986795345;1636986795362;1636986795395;1636986795429;1636986795462;1636986795478;1636986795512;1636986795545;1636986795578;1636986795611;1636986795629;1636986795663;1636986795695;1636986795728;1636986795762;1636986795796;1636986795811;1636986795845;1636986795878;1636986795898;1636986795929;1636986795962;1636986795995;1636986796029;1636986796062;1636986796078;1636986796112;1636986796145;1636986796178;1636986796197;1636986796229;1636986796263;1636986796295;1636986796328;1636986796361;1636986796380;1636986796411;1636986796445;1636986796478;1636986796511;1636986796530;1636986796563;1636986796596;1636986796629;1636986796661;1636986796678---values=;1014;1049;1069;1098;1132;1165;1199;1232;1250;1282;1316;1334;1367;1398;1432;1465;1498;1518;1553;1582;1615;1649;1682;1698;1734;1767;1798;1832;1851;1882;1923;1949;1965;2000;2032;2066;2098;2120;2148;2189;2254;2276;2281;2298;2331;2364;2398;2414;2448;2481;2514;2548;2566;2598;2632;2666;2700;2732;2764;2781;2815;2848;2881;2898;2931;2964;2997;3031;3047;3081;3114;3148;3164;3198;3231;3264;3297;3331;3347;3380;3414;3448;3466;3498;3532;3564;3598;3619;3648;3681;3714;3748;3781;3799;3831;3864;3897;3915;3949;3981;4015;4049;4081;4098;4130;4164;4197;4215;4249;4281;4314;4347;4365;4397;4431;4464;4497;4531;4547;4580;4614;4648;4665;4698;4731;4764;4797;4815;4848;4881;4915;4950;4964;4997;5031;5064;5098;5131;5164;5181;5217;5247;5280;5297;5330;5364;5397;5414;5447;5480;5513;5547;5581;5597;5631;5664;5697;5715;5747;5780;5814;5847;5865;5897;5931;5964;5997;6030;6049;6082;6114;6148;6181;6197;6231;6264;6297;6316;6348;6381;6414;6448;6464;6498;6531;6564;6597;6630;6647;6681;6714;6748;6766;6798;6831;6866;6897;6931;6948;6980;7013;7047;7080;7097;7147;7163;7198;7214;7248;7281;7315;7348;7365;7404;7431;7464;7498;7516;7551;7581;7614;7647;7685;7697;7731;7764;7797;7830;7864;7880;7914;7947;7980;7997;8031;8064;8097;8115;8147;8180;8213;8247;8265;8299;8331;8364;8397;8414;8448;8480;8514;8546;8580;8597;8631;8664;8697;8714;8748;8781;8814;8847;8880;8896;8930;8963;8997;9014;9049;9080;9114;9147;9165;9198;9231;9264;9297;9315;9349;9380;9413;9447;9480;9497;9531;9565;9598;9631;9648;9680;9714;9747;9764;9798;9830;9864;9897;9916;9948;9981;10014;10047;10065;10097;10130;10164;10197;10231;10247;10280;10314;10347;10365;10398;10431;10463;10497;10530;10546;10580;10613;10647;10665;10698;10730;10764;10797;10831;10849;10880;10913;10947;10980;10996;11030;11063;11097;11115;11146;11181;11213;11246;11264;11297;11331;11363;11396;11431;11447;11480;11514;11547;11581;11597;11632;11664;11696;11730;11763;11782;11813;11846;11880;11898;11930;11964;11998;12014;12049;12080;12114;12150;12164;12196;12230;12263;12298;12314;12347;12382;12413;12447;12466;12498;12530;12563;12596;12615;12647;12680;12713;12747;12765;12813;12831;12863;12896;12931;12963;12980;13013;13046;13064;13098;13130;13163;13196;13215;13247;13280;13314;13347;13365;13398;13431;13464;13497;13530;13546;13580;13613;13646;13680;13696;13732;13763;13797;13816;13847;13880;13914;13947;13964;13998;14032;14064;14097;14130;14163;14181;14213;14248;14264;14298;14330;14364;14397;14417;14447;14482;14513;14546;14580;14596;14630;14663;14697;14716;14749;14780;14813;14847;14880;14896;14929;14963;14996;15029;15048;15080;15113;15146;15165;15199;15230;15263;15297;15329;15363;15379;15414;15446;15465;15497;15531;15563;15597;15616;15647;15680;15713;15746;15780;15796;15830;15863;15896;15930;15948;15979;16014;16047;16065;16097;16130;16163;16196;16229;16247;16280;16313;16347;16364;16397;16431;16478;16496;16516;16547;16579;16612;16646;16680;16696;16730;16762;16796;16814;16849;16880;16914;16946;16980;16997;17029;17063;17096;17114;17150;17180;17213;17247;17280;17313;17329;17363;17397;17414;17446;17480;17513;17546;17565;17596;17630;17662;17696;17729;17746;17779;17812;17846;17865;17897;17929;17962;17996;18030;18048;18080;18113;18146;18179;18197;18229;18263;18296;18315;18347;18380;18413;18447;18480;18497;18530;18563;18596;18629;18646;18680;18712;18746;18764;18797;18830;18862;18896;18929;18962;18979;19013;19046;19079;19096;19131;19162;19197;19230;19246;19281;19314;19346;19379;19396;19431;19462;19496;19529;19548;19581;19613;19648;19664;19696;19730;19762;19806;19829;19846;19879;19913;19946;19964;19998;20031;20063;20106;20130;20148;20181;20213;20246;20264;20296;20330;20364;20396;20416;20448;20480;20513;20546;20580;20597;20629;20662;20696;20713;20748;20779;20812;20847;20864;20902;20929;20963;20996;21029;21062;21080;21112;21146;21164;21195;21228;21261;21295;21328;21345;21381;21412;21446;21480;21497;21529;21562;21596;21629;21647;21681;21713;21746;21764;21797;21830;21862;21896;21929;21947;21979;22013;22045;22065;22096;22130;22162;22196;22229;22246;22279;22312;22346;22363;22398;22430;22464;22496;22529;22562;22579;22612;22645;22679;22695;22730;22762;22796;22813;22845;22879;22913;22945;22964;22997;23029;23062;23096;23129;23146;23180;23212;23245;23265;23297;23329;23362;23395;23429;23447;23479;23512;23545;23578;23612;23629;23662;23696;23728;23745;23779;23812;23845;23878;23896;23930;23962;23995;24029;24063;24078;24112;24145;24165;24196;24229;24262;24296;24329;24345;24379;24412;24445;24464;24496;24529;24562;24595;24628;24647;24678;24712;24745;24778;24797;24830;24863;24896;24928;24945""","false","","","","","Mozilla/5.0 (Windows NT 10.0; Win64; x64) AppleWebKit/537.36 (KHTML, like Gecko) Chrome/95.0.4638.69 Safari/537.36 Edg/95.0.1020.53","false","Chrome","yes","","&quot;&quot;","","50","2021-11-15T14:49:05.000Z",312727,"4376","group_4","5.841121495327103",343269,"864","1536","25","de","DE","session_4",1,"2021-11-15T13:36:54.000Z","182","17","","Windows-PC","20.2 ms","121.9 ms",true,"95.0.4638.69 Safari/537.36 Edg/95.0.1020.53","864","1536"
10,"SP_calibration",2,"ex_SP_calib","1","1","","","","","","","","","","","","1.5","","","","","","","","","","1","","","","","","0","","","","","","","","","","","","","","","","","","","","","","","","","","","","","","","","","","","","","","","","","","","","","","","""times=1636986771066---values=0""","""times=1636986771066---values=0""","","","","","","","false","","","","","Mozilla/5.0 (Windows NT 10.0; Win64; x64) AppleWebKit/537.36 (KHTML, like Gecko) Chrome/95.0.4638.69 Safari/537.36 Edg/95.0.1020.53","false","Chrome","yes","","&quot;&quot;","","50","2021-11-15T14:49:05.000Z",312727,"4376","group_4","5.841121495327103",343269,"864","1536","25","de","DE","session_4",1,"2021-11-15T13:36:54.000Z","182","17","","Windows-PC","20.2 ms","121.9 ms",true,"95.0.4638.69 Safari/537.36 Edg/95.0.1020.53","864","1536"
10,"SP_calibration",1,"SP_calib_instructions","1","1","","","","","","","","","","","","1.5","","","","","","","","","","1","","","","","","","","","","","","","","","","","","","","","","","","","","","","","","","","","","","","","","","","","","","","","","","","","","","","","","","","","","","","","","","","","","Mozilla/5.0 (Windows NT 10.0; Win64; x64) AppleWebKit/537.36 (KHTML, like Gecko) Chrome/95.0.4638.69 Safari/537.36 Edg/95.0.1020.53","false","Chrome","yes","","&quot;&quot;","","50","2021-11-15T14:49:05.000Z",312727,"4376","group_4","5.841121495327103",343269,"864","1536","25","de","DE","session_4",1,"2021-11-15T13:36:54.000Z","182","17","","Windows-PC","20.2 ms","121.9 ms",true,"95.0.4638.69 Safari/537.36 Edg/95.0.1020.53","864","1536"
8,"Mid-Task",1,"instructions_mid","1","1","","","","","","","","","","","","","","","","","","","","","","1","","","","","","","","","","","","","","","","","","","","","","","","","","","","","","","","","","","","","","","","","","","","","","","","","","","","","","","","","","","","","","","","","","Mozilla/5.0 (Windows NT 10.0; Win64; x64) AppleWebKit/537.36 (KHTML, like Gecko) Chrome/95.0.4638.69 Safari/537.36 Edg/95.0.1020.53","false","Chrome","yes","","&quot;&quot;","","50","2021-11-15T14:49:05.000Z",312727,"4376","group_4","5.841121495327103",343269,"864","1536","25","de","DE","session_4",1,"2021-11-15T13:36:54.000Z","182","17","","Windows-PC","20.2 ms","121.9 ms",true,"95.0.4638.69 Safari/537.36 Edg/95.0.1020.53","864","1536"
6,"tasks (4,5,3,1,2)",15,"2. Smooth Pursuit","1","4","""times=1636986576253;1636986576284;1636986576301;1636986576334;1636986576352;1636986576385;1636986576401;1636986576435;1636986576453;1636986576484;1636986576502;1636986576535;1636986576552;1636986576584;1636986576601;1636986576635;1636986576650;1636986576683;1636986576701;1636986576734;1636986576750;1636986576785;1636986576801;1636986576834;1636986576851;1636986576885;1636986576900;1636986576934;1636986576968;1636986576984;1636986578950;1636986578967;1636986578984;1636986579017;1636986579050;1636986579067;1636986579084;1636986579117;1636986579134;1636986579168;1636986579183;1636986579217;1636986579234;1636986579267;1636986579283;1636986579317;1636986579334;1636986579367;1636986579400;1636986579420;1636986579435;1636986579467;1636986579500;1636986579517;1636986579534;1636986579567;1636986579584;1636986579617;1636986579637;1636986579668;1636986581416;1636986581433;1636986581467;1636986581483;1636986581517;1636986581534;1636986581566;1636986581600;1636986581617;1636986581634;1636986581667;1636986581683;1636986581717;1636986581733;1636986581767;1636986581800;1636986581816;1636986581834;1636986581867;1636986581884;1636986581917;1636986581934;1636986581967;1636986581983;1636986582017;1636986582034;1636986582067;1636986582083;1636986582117;1636986582133;1636986582167;1636986583127;1636986583151;1636986583183;1636986583203;1636986583234;1636986583267;1636986583283;1636986583300;1636986583333;1636986583366;1636986583383;1636986583403;1636986583433;1636986583450;1636986583483;1636986583517;1636986583533;1636986583550;1636986583584;1636986583601;1636986583633;1636986583666;1636986583683;1636986583701;1636986583734;1636986583767;1636986583783;1636986583800;1636986583833;1636986583866;1636986583884;1636986584843;1636986584866;1636986584900;1636986584916;1636986584950;1636986584968;1636986585000;1636986585017;1636986585050;1636986585067;1636986585100;1636986585117;1636986585150;1636986585167;1636986585200;1636986585217;1636986585250;1636986585285;1636986585301;1636986585316;1636986585350;1636986585367;1636986585400;1636986585417;1636986585450;1636986585466;1636986585500;1636986585516;1636986585550;1636986585567;1636986587175;1636986587200;1636986587233;1636986587250;1636986587283;1636986587299;1636986587333;1636986587349;1636986587383;1636986587399;1636986587436;1636986587449;1636986587483;1636986587499;1636986587533;1636986587549;1636986587583;1636986587599;1636986587633;1636986587654;1636986587683;1636986587699;1636986587733;1636986587749;1636986587783;1636986587799;1636986587833;1636986587849;1636986587883;1636986587900;1636986589000;1636986589033;1636986589049;1636986589083;1636986589101;1636986589133;1636986589149;1636986589183;1636986589199;1636986589233;1636986589249;1636986589283;1636986589299;1636986589333;1636986589350;1636986589383;1636986589400;1636986589433;1636986589466;1636986589483;1636986589499;1636986589533;1636986589549;1636986589583;1636986589601;1636986589633;1636986589649;1636986589683;1636986589700;1636986589732;1636986590786;1636986590799;1636986590848;1636986590851;1636986590866;1636986590899;1636986590916;1636986590949;1636986590965;1636986590999;1636986591016;1636986591049;1636986591083;1636986591099;1636986591116;1636986591149;1636986591167;1636986591199;1636986591233;1636986591249;1636986591266;1636986591309;1636986591337;1636986591349;1636986591366;1636986591399;1636986591432;1636986591449;1636986591482;1636986591499;1636986591516;1636986593366;1636986593399;1636986593432;1636986593449;1636986593467;1636986593499;1636986593532;1636986593549;1636986593566;1636986593599;1636986593616;1636986593650;1636986593666;1636986593701;1636986593732;1636986593749;1636986593765;1636986593799;1636986593815;1636986593849;1636986593865;1636986593899;1636986593915;1636986593949;1636986593982;1636986593999;1636986594016;1636986594049;1636986594067;1636986594099;1636986594116;1636986595382;1636986595416;1636986595432;1636986595466;1636986595483;1636986595516;1636986595533;1636986595566;1636986595599;1636986595616;1636986595633;1636986595666;1636986595700;1636986595716;1636986595733;1636986595766;1636986595782;1636986595816;1636986595832;1636986595866;1636986595886;1636986595916;1636986595934;1636986595966;1636986595983;1636986596016;1636986596032;1636986596067;1636986596083;1636986596116;1636986597599;1636986597616;1636986597633;1636986597666;1636986597699;1636986597716;1636986597749;1636986597765;1636986597799;1636986597816;1636986597836;1636986597865;1636986597899;1636986597915;1636986597949;1636986597966;1636986597999;1636986598016;1636986598036;1636986598066;1636986598100;1636986598115;1636986598149;1636986598166;1636986598199;1636986598216;1636986598249;1636986598266;1636986598299;1636986598336;1636986599667;1636986599699;1636986599717;1636986599759;1636986599766;1636986599799;1636986599832;1636986599849;1636986599865;1636986599899;1636986599916;1636986599949;1636986599965;1636986599999;1636986600015;1636986600049;1636986600065;1636986600099;1636986600115;1636986600149;1636986600165;1636986600199;1636986600216;1636986600249;1636986600282;1636986600299;1636986600316;1636986600349;1636986600382;1636986600399---values=2552;2583;2600;2633;2651;2684;2700;2734;2752;2783;2801;2834;2851;2883;2900;2934;2949;2982;3000;3033;3049;3084;3100;3133;3150;3183;3199;3233;3267;3283;5249;5266;5283;5316;5349;5366;5383;5416;5433;5467;5482;5516;5532;5566;5582;5616;5633;5666;5699;5719;5734;5766;5799;5816;5833;5866;5883;5916;5935;5967;7715;7732;7766;7782;7816;7833;7865;7899;7915;7933;7966;7982;8016;8032;8066;8099;8115;8133;8166;8183;8216;8233;8266;8282;8316;8333;8366;8382;8416;8432;8466;9426;9450;9482;9502;9533;9565;9582;9599;9632;9665;9682;9702;9732;9749;9782;9816;9832;9849;9883;9900;9932;9965;9982;10000;10033;10065;10082;10099;10132;10165;10183;11142;11165;11199;11215;11249;11267;11299;11316;11349;11366;11399;11416;11449;11466;11499;11516;11549;11584;11600;11615;11649;11666;11699;11715;11749;11765;11799;11815;11849;11866;13474;13499;13532;13549;13582;13598;13632;13648;13682;13698;13735;13748;13782;13798;13832;13848;13882;13898;13932;13953;13982;13998;14032;14048;14082;14098;14132;14148;14182;14199;15299;15332;15348;15382;15399;15432;15448;15482;15498;15532;15548;15582;15598;15632;15649;15682;15699;15732;15765;15782;15798;15832;15848;15882;15900;15932;15948;15982;15999;16031;17085;17098;17147;17150;17165;17198;17214;17248;17264;17297;17315;17348;17382;17398;17415;17448;17466;17498;17532;17548;17565;17608;17636;17648;17665;17698;17731;17748;17781;17798;17815;19665;19698;19731;19748;19765;19798;19831;19848;19865;19898;19915;19949;19965;20000;20031;20048;20064;20098;20114;20148;20164;20198;20214;20248;20281;20298;20315;20348;20366;20398;20415;21681;21715;21731;21765;21782;21815;21832;21865;21898;21915;21932;21965;21999;22015;22032;22065;22081;22115;22131;22165;22185;22215;22233;22265;22282;22315;22331;22366;22381;22415;23898;23915;23932;23965;23998;24015;24048;24064;24098;24115;24135;24164;24198;24214;24248;24265;24298;24315;24335;24365;24398;24414;24448;24464;24498;24515;24548;24565;24598;24635;25966;25998;26015;26058;26065;26098;26131;26148;26164;26198;26215;26248;26264;26298;26314;26348;26364;26398;26414;26448;26464;26498;26515;26548;26581;26598;26615;26648;26681;26698""","60;300;180;0;330;120;210;90;270;150;30;240","""times=1636986576248;1636986578920;1636986581398;1636986583124;1636986584840;1636986587172;1636986588988;1636986590777;1636986593358;1636986595367;1636986597580;1636986599662---values=2547;5219;7697;9423;11139;13471;15287;17076;19657;21666;23879;25961""","""times=1636986576217;1636986577001;1636986578901;1636986579681;1636986581377;1636986582180;1636986583097;1636986583900;1636986584809;1636986585595;1636986587141;1636986587924;1636986588967;1636986589748;1636986590736;1636986591541;1636986593334;1636986594140;1636986595350;1636986596128;1636986597556;1636986598333;1636986599633;1636986600416---values=true;false;true;false;true;false;true;false;true;false;true;false;true;false;true;false;true;false;true;false;true;false;true;false""","","","","","","","","","","","","","","","","","""times=1636986574609;1636986578320;1636986581167;1636986582719;1636986584601;1636986586604;1636986588732;1636986590454;1636986592568;1636986595147;1636986597244;1636986599428---values=908;4619;7466;9018;10900;12903;15031;16753;18867;21446;23543;25727""","1","","","","","""times=1636986576216;1636986578900;1636986581376;1636986583095;1636986584807;1636986587138;1636986588965;1636986590734;1636986593333;1636986595349;1636986597554;1636986599630---values=1.047198;5.23599;3.1415940000000004;0;5.759589;2.094396;3.6651930000000004;1.5707970000000002;4.712391;2.617995;0.523599;4.188792""","0","","","","","","","","","","","1636986601625","1636986573701","","","","","","","","","","","","","","","","","","","","","","blockNr_6_taskNr_15_trialNr_1_pursuit_rec.webm","""times=1636986547757;1636986549659;1636986551149;1636986552720;1636986554865;1636986557189;1636986559206;1636986561402;1636986563324;1636986564695;1636986568359;1636986571115;1636986573697;1636986573722;1636986576245;1636986578919;1636986581396;1636986583122;1636986584839;1636986587170;1636986588987;1636986590757;1636986593356;1636986595364;1636986597578;1636986599660---values=200;452.0002212039047;200;805.2783547773876;829.1751581602896;2134.304316969061;204.44841924537099;200;669.7704410267304;200;239.47446857366057;579.3969914828676;;1602.312716706179;570.6099981736033;200;373.9076841354838;200.2478792026228;531.8387872609023;225.3267490886428;275.0774249600908;763.3379100713552;200;309.48113389614974;200;209.54094548719186""","","","","","0","27232","","""times=1636986577518;1636986580186;1636986582701;1636986584418;1636986586118;1636986588451;1636986590267;1636986592050;1636986594653;1636986596636;1636986598850;1636986600938---values=3817;6485;9000;10717;12417;14750;16566;18349;20952;22935;25149;27237""","","","","","","""times=1636986577000;1636986577505;1636986579680;1636986580183;1636986582180;1636986582683;1636986583899;1636986584403;1636986585594;1636986586101;1636986587922;1636986588433;1636986589746;1636986590254;1636986591539;1636986592046;1636986594139;1636986594649;1636986596127;1636986596632;1636986598333;1636986598836;1636986600415;1636986600926---values=true;false;true;false;true;false;true;false;true;false;true;false;true;false;true;false;true;false;true;false;true;false;true;false""","","","","","","false","","","","","Mozilla/5.0 (Windows NT 10.0; Win64; x64) AppleWebKit/537.36 (KHTML, like Gecko) Chrome/95.0.4638.69 Safari/537.36 Edg/95.0.1020.53","false","Chrome","yes","","&quot;&quot;","","50","2021-11-15T14:49:05.000Z",312727,"4376","group_4","5.841121495327103",343269,"864","1536","25","de","DE","session_4",1,"2021-11-15T13:36:54.000Z","182","17","","Windows-PC","20.2 ms","121.9 ms",true,"95.0.4638.69 Safari/537.36 Edg/95.0.1020.53","864","1536"
6,"tasks (4,5,3,1,2)",15,"2. Smooth Pursuit","2","3","""times=1636986601642;1636986602532;1636986602566;1636986602583;1636986602616;1636986602632;1636986602666;1636986602683;1636986602715;1636986602732;1636986602765;1636986602799;1636986602815;1636986602832;1636986602866;1636986602882;1636986602916;1636986602932;1636986602965;1636986602982;1636986603017;1636986603032;1636986603065;1636986603082;1636986603116;1636986603149;1636986603165;1636986603182;1636986603215;1636986603233;1636986603266;1636986603299;1636986604248;1636986604266;1636986604298;1636986604332;1636986604349;1636986604368;1636986604399;1636986604416;1636986604449;1636986604482;1636986604502;1636986604519;1636986604548;1636986604582;1636986604598;1636986604616;1636986604648;1636986604682;1636986604698;1636986604716;1636986604748;1636986604766;1636986604799;1636986604816;1636986604849;1636986604883;1636986604899;1636986604917;1636986604950;1636986604982;1636986605765;1636986605782;1636986605815;1636986605849;1636986605865;1636986605882;1636986605915;1636986605932;1636986605965;1636986605982;1636986606015;1636986606032;1636986606066;1636986606082;1636986606116;1636986606132;1636986606165;1636986606184;1636986606215;1636986606232;1636986606265;1636986606282;1636986606315;1636986606333;1636986606365;1636986606382;1636986606415;1636986606432;1636986606465;1636986606482;1636986608267;1636986608273;1636986608288;1636986608315;1636986608332;1636986608365;1636986608382;1636986608415;1636986608448;1636986608465;1636986608483;1636986608515;1636986608532;1636986608565;1636986608598;1636986608615;1636986608632;1636986608667;1636986608682;1636986608715;1636986608732;1636986608765;1636986608781;1636986608815;1636986608832;1636986608865;1636986608882;1636986608915;1636986608949;1636986608965;1636986610157;1636986610182;1636986610214;1636986610232;1636986610264;1636986610281;1636986610314;1636986610331;1636986610367;1636986610398;1636986610414;1636986610448;1636986610464;1636986610482;1636986610514;1636986610532;1636986610565;1636986610598;1636986610614;1636986610632;1636986610665;1636986610681;1636986610714;1636986610731;1636986610765;1636986610782;1636986610814;1636986610848;1636986610864;1636986610882;1636986612181;1636986612214;1636986612231;1636986612264;1636986612281;1636986612314;1636986612331;1636986612364;1636986612381;1636986612414;1636986612432;1636986612465;1636986612482;1636986612514;1636986612549;1636986612564;1636986612581;1636986612614;1636986612631;1636986612664;1636986612681;1636986612714;1636986612731;1636986612764;1636986612781;1636986612815;1636986612831;1636986612865;1636986612881;1636986612914;1636986615864;1636986615881;1636986615915;1636986615932;1636986615964;1636986615997;1636986616014;1636986616030;1636986616064;1636986616097;1636986616113;1636986616131;1636986616163;1636986616180;1636986616213;1636986616230;1636986616264;1636986616297;1636986616314;1636986616331;1636986616363;1636986616397;1636986616414;1636986616430;1636986616464;1636986616497;1636986616514;1636986616531;1636986616564;1636986616581;1636986618199;1636986618230;1636986618247;1636986618280;1636986618296;1636986618330;1636986618347;1636986618380;1636986618397;1636986618430;1636986618447;1636986618481;1636986618497;1636986618531;1636986618564;1636986618581;1636986618597;1636986618631;1636986618647;1636986618680;1636986618697;1636986618730;1636986618748;1636986618780;1636986618813;1636986618830;1636986618847;1636986618881;1636986618897;1636986618930;1636986618949;1636986620349;1636986620364;1636986620397;1636986620414;1636986620447;1636986620464;1636986620497;1636986620530;1636986620551;1636986620564;1636986620597;1636986620630;1636986620647;1636986620664;1636986620697;1636986620730;1636986620747;1636986620765;1636986620797;1636986620814;1636986620846;1636986620882;1636986620896;1636986620914;1636986620947;1636986620964;1636986620997;1636986621013;1636986621046;1636986621063;1636986624152;1636986624180;1636986624197;1636986624230;1636986624263;1636986624280;1636986624297;1636986624330;1636986624363;1636986624379;1636986624397;1636986624430;1636986624447;1636986624480;1636986624513;1636986624530;1636986624563;1636986624580;1636986624599;1636986624630;1636986624663;1636986624680;1636986624697;1636986624729;1636986624763;1636986624779;1636986624797;1636986624830;1636986624863;1636986624879;1636986624913;1636986625957;1636986625984;1636986626013;1636986626046;1636986626063;1636986626079;1636986626113;1636986626130;1636986626164;1636986626179;1636986626213;1636986626246;1636986626263;1636986626280;1636986626313;1636986626346;1636986626363;1636986626381;1636986626413;1636986626430;1636986626463;1636986626480;1636986626513;1636986626529;1636986626563;1636986626580;1636986626613;1636986626646;1636986626663;1636986626680;1636986627881;1636986627913;1636986627929;1636986627963;1636986627996;1636986628012;1636986628030;1636986628063;1636986628079;1636986628113;1636986628146;1636986628164;1636986628179;1636986628213;1636986628230;1636986628263;1636986628280;1636986628313;1636986628346;1636986628363;1636986628379;1636986628412;1636986628446;1636986628462;1636986628479;1636986628512;1636986628530;1636986628564;1636986628580;1636986628613;1636986628629---values=;888;922;939;972;988;1022;1039;1071;1088;1121;1155;1171;1188;1222;1238;1272;1288;1321;1338;1373;1388;1421;1438;1472;1505;1521;1538;1571;1589;1621;1655;2604;2622;2654;2688;2705;2724;2755;2772;2805;2838;2858;2875;2904;2938;2954;2972;3004;3038;3054;3072;3104;3122;3155;3172;3205;3239;3255;3273;3305;3338;4121;4138;4171;4205;4221;4238;4271;4288;4321;4338;4371;4388;4422;4438;4472;4488;4521;4540;4571;4588;4621;4638;4671;4689;4721;4737;4771;4788;4821;4838;6623;6629;6644;6671;6688;6721;6738;6771;6804;6821;6839;6871;6888;6921;6954;6971;6988;7023;7038;7071;7088;7121;7137;7171;7188;7221;7238;7271;7305;7321;8513;8538;8570;8588;8620;8637;8670;8687;8723;8754;8770;8804;8820;8838;8870;8888;8921;8954;8970;8988;9021;9037;9070;9087;9121;9138;9170;9204;9220;9238;10537;10570;10587;10620;10637;10670;10687;10720;10737;10770;10788;10821;10838;10870;10905;10920;10937;10970;10987;11020;11037;11070;11087;11120;11137;11171;11187;11221;11237;11270;14220;14237;14271;14288;14320;14353;14370;14386;14420;14453;14469;14487;14519;14536;14569;14586;14620;14653;14670;14687;14719;14753;14770;14786;14820;14853;14870;14887;14919;14937;16555;16586;16603;16636;16652;16686;16703;16736;16753;16786;16803;16837;16853;16887;16920;16937;16953;16987;17003;17036;17053;17086;17104;17136;17169;17186;17203;17237;17253;17286;17305;18705;18720;18753;18770;18803;18820;18852;18886;18906;18920;18953;18986;19003;19020;19053;19086;19103;19121;19153;19170;19202;19238;19252;19270;19303;19320;19353;19369;19402;19419;22508;22536;22553;22586;22619;22636;22653;22685;22719;22735;22753;22786;22803;22836;22869;22885;22919;22936;22954;22986;23019;23036;23053;23085;23119;23135;23153;23186;23219;23235;23269;24313;24340;24369;24402;24419;24435;24469;24486;24520;24535;24569;24602;24619;24636;24669;24702;24719;24737;24768;24786;24819;24836;24869;24885;24919;24936;24969;25002;25019;25036;26237;26269;26285;26319;26352;26368;26386;26419;26435;26469;26502;26520;26535;26569;26586;26619;26636;26669;26702;26719;26735;26768;26802;26818;26835;26868;26886;26920;26936;26969;26985""","0;330;300;240;210;150;60;270;30;90;120;180","""times=1636986601642;1636986602528;1636986604229;1636986605744;1636986608226;1636986610154;1636986612177;1636986615850;1636986618196;1636986620333;1636986624149;1636986625953;1636986627879---values=;884;2585;4100;6582;8510;10533;14206;16552;18689;22505;24309;26235""","""times=1636986602500;1636986603313;1636986604211;1636986604999;1636986605723;1636986606506;1636986608200;1636986608982;1636986610127;1636986610907;1636986612149;1636986612926;1636986615826;1636986616609;1636986618164;1636986618968;1636986620309;1636986621091;1636986624119;1636986624925;1636986625924;1636986626705;1636986627848;1636986628655---values=true;false;true;false;true;false;true;false;true;false;true;false;true;false;true;false;true;false;true;false;true;false;true;false""","","","","","","","","","","","","","","","","","""times=1636986601642;1636986602285;1636986603832;1636986605515;1636986607734;1636986609831;1636986611940;1636986614121;1636986617685;1636986620104;1636986622265;1636986625712;1636986627591---values=;641;2188;3871;6090;8187;10296;12477;16041;18460;20621;24068;25947""","1","","","","","""times=1636986601640;1636986602498;1636986604209;1636986605721;1636986608197;1636986610126;1636986612147;1636986615823;1636986618163;1636986620307;1636986624117;1636986625919;1636986627844---values=;0;5.759589;5.23599;4.188792;3.6651930000000004;2.617995;1.047198;4.712391;0.523599;1.5707970000000002;2.094396;3.1415940000000004""","0","","","","","","","","","","","1636986629898","1636986601644","","","","","","","","","","","","","","","","","","","","","","blockNr_6_taskNr_15_trialNr_2_pursuit_rec.webm","""times=1636986601640;1636986601665;1636986602526;1636986604227;1636986605742;1636986608223;1636986610152;1636986612175;1636986615846;1636986618193;1636986620330;1636986624146;1636986625950;1636986627877---values=;200;373.01121117709516;200;460.18690039900156;282.08961738937734;200;1698.3468694429027;471.84101657633386;200;1849.3091984974699;200;250.28237870557956;236.11868517487937""","","","","","1","27523","","""times=1636986601642;1636986603836;1636986605520;1636986607015;1636986609499;1636986611415;1636986613434;1636986617131;1636986619481;1636986621598;1636986625431;1636986627230;1636986629172---values=;2192;3876;5371;7855;9771;11790;15487;17837;19954;23787;25586;27528""","","","","","","""times=1636986603311;1636986603826;1636986604998;1636986605507;1636986606505;1636986607011;1636986608979;1636986609484;1636986610906;1636986611408;1636986612925;1636986613431;1636986616607;1636986617114;1636986618967;1636986619475;1636986621090;1636986621595;1636986624923;1636986625427;1636986626703;1636986627213;1636986628654;1636986629162---values=true;false;true;false;true;false;true;false;true;false;true;false;true;false;true;false;true;false;true;false;true;false;true;false""","","","","","","false","","","","","Mozilla/5.0 (Windows NT 10.0; Win64; x64) AppleWebKit/537.36 (KHTML, like Gecko) Chrome/95.0.4638.69 Safari/537.36 Edg/95.0.1020.53","false","Chrome","yes","","&quot;&quot;","","50","2021-11-15T14:49:05.000Z",312727,"4376","group_4","5.841121495327103",343269,"864","1536","25","de","DE","session_4",1,"2021-11-15T13:36:54.000Z","182","17","","Windows-PC","20.2 ms","121.9 ms",true,"95.0.4638.69 Safari/537.36 Edg/95.0.1020.53","864","1536"
6,"tasks (4,5,3,1,2)",15,"2. Smooth Pursuit","3","2","""times=1636986629910;1636986631796;1636986631812;1636986631829;1636986631862;1636986631896;1636986631912;1636986631929;1636986631962;1636986631979;1636986632012;1636986632046;1636986632062;1636986632079;1636986632112;1636986632129;1636986632162;1636986632180;1636986632212;1636986632229;1636986632262;1636986632279;1636986632312;1636986632329;1636986632362;1636986632396;1636986632412;1636986632429;1636986632462;1636986632480;1636986632513;1636986632529;1636986633445;1636986633479;1636986633495;1636986633529;1636986633545;1636986633579;1636986633595;1636986633629;1636986633646;1636986633679;1636986633695;1636986633729;1636986633762;1636986633781;1636986633795;1636986633829;1636986633846;1636986633879;1636986633896;1636986633929;1636986633945;1636986633979;1636986633996;1636986634029;1636986634062;1636986634079;1636986634095;1636986634129;1636986634162;1636986634179;1636986635862;1636986635895;1636986635929;1636986635945;1636986635979;1636986635995;1636986636012;1636986636045;1636986636079;1636986636095;1636986636112;1636986636148;1636986636180;1636986636196;1636986636213;1636986636245;1636986636262;1636986636295;1636986636312;1636986636345;1636986636379;1636986636395;1636986636412;1636986636445;1636986636462;1636986636495;1636986636512;1636986636547;1636986636562;1636986636595;1636986638628;1636986638645;1636986638678;1636986638712;1636986638728;1636986638745;1636986638778;1636986638795;1636986638828;1636986638845;1636986638878;1636986638895;1636986638929;1636986638945;1636986638978;1636986638995;1636986639028;1636986639045;1636986639078;1636986639096;1636986639128;1636986639145;1636986639179;1636986639195;1636986639228;1636986639245;1636986639278;1636986639295;1636986639328;1636986639345;1636986640212;1636986640245;1636986640263;1636986640295;1636986640311;1636986640345;1636986640361;1636986640395;1636986640412;1636986640445;1636986640461;1636986640495;1636986640528;1636986640545;1636986640564;1636986640596;1636986640611;1636986640653;1636986640661;1636986640696;1636986640711;1636986640745;1636986640761;1636986640795;1636986640811;1636986640845;1636986640861;1636986640895;1636986640911;1636986640945;1636986642078;1636986642095;1636986642128;1636986642163;1636986642179;1636986642197;1636986642228;1636986642261;1636986642278;1636986642297;1636986642328;1636986642361;1636986642378;1636986642395;1636986642428;1636986642445;1636986642478;1636986642494;1636986642528;1636986642561;1636986642578;1636986642595;1636986642630;1636986642646;1636986642678;1636986642696;1636986642728;1636986642746;1636986642778;1636986642795;1636986643728;1636986643744;1636986643763;1636986643794;1636986643812;1636986643844;1636986643861;1636986643894;1636986643931;1636986643944;1636986643961;1636986643994;1636986644011;1636986644044;1636986644061;1636986644094;1636986644111;1636986644145;1636986644161;1636986644194;1636986644211;1636986644245;1636986644261;1636986644294;1636986644311;1636986644344;1636986644378;1636986644394;1636986644412;1636986644444;1636986644478;1636986645847;1636986645878;1636986645894;1636986645927;1636986645961;1636986645977;1636986645994;1636986646027;1636986646044;1636986646078;1636986646095;1636986646127;1636986646144;1636986646178;1636986646194;1636986646227;1636986646244;1636986646278;1636986646295;1636986646328;1636986646344;1636986646378;1636986646394;1636986646428;1636986646461;1636986646477;1636986646495;1636986646528;1636986646545;1636986646579;1636986647618;1636986647644;1636986647677;1636986647711;1636986647727;1636986647745;1636986647779;1636986647812;1636986647827;1636986647869;1636986647894;1636986647927;1636986647944;1636986647977;1636986647994;1636986648027;1636986648060;1636986648077;1636986648094;1636986648127;1636986648144;1636986648177;1636986648195;1636986648228;1636986648245;1636986648277;1636986648295;1636986648327;1636986648361;1636986649394;1636986649427;1636986649445;1636986649477;1636986649494;1636986649527;1636986649544;1636986649577;1636986649610;1636986649627;1636986649644;1636986649677;1636986649711;1636986649727;1636986649745;1636986649779;1636986649794;1636986649827;1636986649844;1636986649877;1636986649894;1636986649927;1636986649960;1636986649977;1636986649994;1636986650027;1636986650044;1636986650077;1636986650111;1636986650127;1636986651333;1636986651361;1636986651377;1636986651411;1636986651427;1636986651460;1636986651477;1636986651510;1636986651544;1636986651560;1636986651577;1636986651610;1636986651643;1636986651661;1636986651678;1636986651710;1636986651729;1636986651760;1636986651777;1636986651811;1636986651827;1636986651860;1636986651877;1636986651910;1636986651944;1636986651960;1636986651977;1636986652010;1636986652044;1636986652060;1636986652077;1636986653860;1636986653877;1636986653910;1636986653926;1636986653960;1636986653993;1636986654010;1636986654027;1636986654060;1636986654077;1636986654110;1636986654143;1636986654161;1636986654177;1636986654210;1636986654227;1636986654260;1636986654276;1636986654310;1636986654327;1636986654360;1636986654376;1636986654409;1636986654426;1636986654459;1636986654477;1636986654509;1636986654543;1636986654561;1636986654576;1636986654609---values=;1884;1900;1917;1950;1984;2000;2017;2050;2067;2100;2134;2150;2167;2200;2217;2250;2268;2300;2317;2350;2367;2400;2417;2450;2484;2500;2517;2550;2568;2601;2617;3533;3567;3583;3617;3633;3667;3683;3717;3734;3767;3783;3817;3850;3869;3883;3917;3934;3967;3984;4017;4033;4067;4084;4117;4150;4167;4183;4217;4250;4267;5950;5983;6017;6033;6067;6083;6100;6133;6167;6183;6200;6236;6268;6284;6301;6333;6350;6383;6400;6433;6467;6483;6500;6533;6550;6583;6600;6635;6650;6683;8716;8733;8766;8800;8816;8833;8866;8883;8916;8933;8966;8983;9017;9033;9066;9083;9116;9133;9166;9184;9216;9233;9267;9283;9316;9333;9366;9383;9416;9433;10300;10333;10351;10383;10399;10433;10449;10483;10500;10533;10549;10583;10616;10633;10651;10684;10699;10741;10749;10784;10799;10833;10849;10883;10899;10933;10949;10983;10999;11033;12166;12183;12216;12251;12267;12285;12316;12349;12366;12385;12416;12449;12466;12483;12516;12533;12566;12582;12616;12649;12666;12683;12718;12734;12766;12783;12816;12834;12866;12883;13816;13832;13851;13882;13900;13932;13949;13982;14019;14032;14049;14082;14099;14132;14149;14182;14199;14233;14249;14282;14299;14333;14349;14382;14399;14432;14466;14482;14500;14532;14565;15935;15965;15982;16015;16049;16065;16082;16115;16132;16166;16183;16215;16232;16266;16282;16315;16332;16366;16383;16416;16432;16465;16482;16516;16549;16565;16583;16616;16633;16667;17706;17732;17765;17799;17815;17833;17867;17900;17915;17957;17981;18015;18032;18065;18082;18115;18148;18165;18182;18215;18232;18265;18283;18315;18333;18365;18383;18415;18449;19482;19515;19532;19565;19582;19615;19632;19665;19698;19715;19732;19765;19798;19815;19832;19867;19882;19915;19932;19965;19982;20015;20048;20065;20082;20115;20132;20165;20198;20215;21421;21449;21465;21499;21515;21548;21565;21598;21632;21648;21665;21698;21731;21749;21766;21798;21817;21848;21865;21899;21915;21948;21965;21998;22031;22048;22065;22098;22132;22148;22165;23948;23965;23998;24014;24048;24081;24098;24115;24148;24165;24198;24231;24248;24265;24298;24315;24348;24364;24398;24415;24448;24464;24497;24514;24547;24564;24597;24631;24648;24664;24697""","0;150;60;30;330;240;90;120;300;210;180;270","""times=1636986629910;1636986631767;1636986633425;1636986635851;1636986638612;1636986640200;1636986642061;1636986643704;1636986645836;1636986647614;1636986649391;1636986651330;1636986653840---values=;1855;3513;5939;8700;10288;12149;13792;15924;17702;19479;21418;23928""","""times=1636986631747;1636986632558;1636986633410;1636986634196;1636986635830;1636986636612;1636986638588;1636986639366;1636986640179;1636986640963;1636986642041;1636986642822;1636986643679;1636986644487;1636986645813;1636986646593;1636986647586;1636986648365;1636986649362;1636986650141;1636986651295;1636986652102;1636986653819;1636986654627---values=true;false;true;false;true;false;true;false;true;false;true;false;true;false;true;false;true;false;true;false;true;false;true;false""","","","","","","","","","","","","","","","","","""times=1636986629910;1636986630632;1636986633201;1636986635009;1636986638378;1636986639973;1636986641763;1636986643441;1636986645325;1636986647126;1636986648909;1636986650703;1636986652716---values=;720;3289;5097;8466;10061;11851;13529;15413;17214;18997;20791;22804""","1","","","","","""times=1636986629909;1636986631745;1636986633408;1636986635828;1636986638586;1636986640177;1636986642038;1636986643677;1636986645811;1636986647583;1636986649360;1636986651292;1636986653818---values=;0;2.617995;1.047198;0.523599;5.759589;4.188792;1.5707970000000002;2.094396;5.23599;3.6651930000000004;3.1415940000000004;4.712391""","0","","","","","","","","","","","1636986655852","1636986629912","","","","","","","","","","","","","","","","","","","","","","blockNr_6_taskNr_15_trialNr_3_pursuit_rec.webm","""times=1636986629909;1636986629929;1636986631765;1636986633423;1636986635849;1636986640198;1636986642058;1636986643702;1636986645834;1636986647612;1636986649389;1636986651327;1636986653836---values=;1111.4350377136052;200;809.8861794569477;200;269.57437637685445;231.5880100017391;479.2309612226098;452.0361943906484;445.4129206789413;580.2718365256692;1097.0426630388552;599.2900968996005""","","","","","1","25225","","""times=1636986629910;1636986633080;1636986634713;1636986637129;1636986639878;1636986641479;1636986643330;1636986645000;1636986647111;1636986648878;1636986650672;1636986652621;1636986655188---values=;3168;4800;7217;9965;11567;13418;15088;17199;18966;20760;22709;25276""","","","","","","""times=1636986632557;1636986633062;1636986634195;1636986634703;1636986636610;1636986637121;1636986639365;1636986639870;1636986640962;1636986641471;1636986642821;1636986643327;1636986644486;1636986644994;1636986646591;1636986647096;1636986648364;1636986648868;1636986650139;1636986650646;1636986652099;1636986652610;1636986654626;1636986655132---values=true;false;true;false;true;false;true;false;true;false;true;false;true;false;true;false;true;false;true;false;true;false;true;false""","","","","","","false","","","","","Mozilla/5.0 (Windows NT 10.0; Win64; x64) AppleWebKit/537.36 (KHTML, like Gecko) Chrome/95.0.4638.69 Safari/537.36 Edg/95.0.1020.53","false","Chrome","yes","","&quot;&quot;","","50","2021-11-15T14:49:05.000Z",312727,"4376","group_4","5.841121495327103",343269,"864","1536","25","de","DE","session_4",1,"2021-11-15T13:36:54.000Z","182","17","","Windows-PC","20.2 ms","121.9 ms",true,"95.0.4638.69 Safari/537.36 Edg/95.0.1020.53","864","1536"
6,"tasks (4,5,3,1,2)",15,"2. Smooth Pursuit","4","1","""times=1636986655865;1636986657159;1636986657192;1636986657209;1636986657242;1636986657259;1636986657292;1636986657309;1636986657341;1636986657358;1636986657392;1636986657409;1636986657442;1636986657458;1636986657492;1636986657509;1636986657542;1636986657559;1636986657593;1636986657609;1636986657642;1636986657659;1636986657692;1636986657709;1636986657742;1636986657759;1636986657793;1636986657809;1636986657842;1636986657860;1636986657892;1636986657909;1636986660177;1636986660210;1636986660244;1636986660258;1636986660292;1636986660309;1636986660343;1636986660359;1636986660392;1636986660409;1636986660442;1636986660458;1636986660492;1636986660509;1636986660542;1636986660559;1636986660592;1636986660610;1636986660643;1636986660664;1636986660692;1636986660709;1636986660742;1636986660761;1636986660793;1636986660825;1636986660842;1636986660859;1636986660892;1636986660908;1636986661943;1636986661975;1636986661992;1636986662025;1636986662058;1636986662075;1636986662092;1636986662125;1636986662142;1636986662175;1636986662192;1636986662225;1636986662242;1636986662276;1636986662293;1636986662325;1636986662358;1636986662375;1636986662392;1636986662425;1636986662459;1636986662475;1636986662492;1636986662525;1636986662542;1636986662575;1636986662610;1636986662626;1636986662643;1636986662675;1636986664042;1636986664059;1636986664092;1636986664109;1636986664142;1636986664158;1636986664192;1636986664208;1636986664244;1636986664259;1636986664292;1636986664309;1636986664343;1636986664358;1636986664391;1636986664408;1636986664442;1636986664458;1636986664491;1636986664525;1636986664541;1636986664559;1636986664592;1636986664610;1636986664643;1636986664658;1636986664692;1636986664710;1636986664742;1636986664775;1636986665915;1636986665942;1636986665976;1636986665992;1636986666025;1636986666041;1636986666075;1636986666108;1636986666125;1636986666141;1636986666175;1636986666191;1636986666225;1636986666258;1636986666275;1636986666291;1636986666331;1636986666341;1636986666375;1636986666392;1636986666425;1636986666458;1636986666475;1636986666492;1636986666525;1636986666542;1636986666575;1636986666591;1636986666626;1636986666641;1636986667558;1636986667591;1636986667608;1636986667641;1636986667659;1636986667691;1636986667708;1636986667741;1636986667758;1636986667792;1636986667808;1636986667842;1636986667859;1636986667891;1636986667909;1636986667941;1636986667975;1636986667991;1636986668008;1636986668041;1636986668058;1636986668091;1636986668125;1636986668141;1636986668159;1636986668191;1636986668208;1636986668241;1636986668259;1636986668291;1636986669641;1636986669659;1636986669691;1636986669708;1636986669741;1636986669758;1636986669791;1636986669809;1636986669841;1636986669859;1636986669892;1636986669925;1636986669941;1636986669958;1636986669991;1636986670008;1636986670041;1636986670058;1636986670091;1636986670108;1636986670141;1636986670157;1636986670191;1636986670207;1636986670241;1636986670258;1636986670291;1636986670308;1636986670341;1636986670358;1636986671877;1636986671907;1636986671924;1636986671957;1636986671974;1636986672007;1636986672041;1636986672057;1636986672074;1636986672107;1636986672125;1636986672157;1636986672174;1636986672207;1636986672241;1636986672258;1636986672274;1636986672307;1636986672324;1636986672357;1636986672374;1636986672407;1636986672424;1636986672457;1636986672475;1636986672507;1636986672524;1636986672557;1636986672574;1636986672607;1636986673404;1636986673424;1636986673458;1636986673474;1636986673507;1636986673526;1636986673559;1636986673592;1636986673607;1636986673623;1636986673657;1636986673690;1636986673707;1636986673724;1636986673757;1636986673775;1636986673808;1636986673841;1636986673857;1636986673874;1636986673907;1636986673940;1636986673957;1636986673974;1636986674007;1636986674040;1636986674057;1636986674075;1636986674107;1636986674140;1636986674157;1636986674973;1636986675008;1636986675024;1636986675043;1636986675074;1636986675108;1636986675124;1636986675141;1636986675174;1636986675207;1636986675224;1636986675241;1636986675274;1636986675292;1636986675324;1636986675357;1636986675374;1636986675391;1636986675424;1636986675457;1636986675474;1636986675491;1636986675525;1636986675560;1636986675592;1636986675624;1636986675657;1636986675674;1636986675691;1636986677954;1636986677983;1636986677991;1636986678011;1636986678024;1636986678057;1636986678074;1636986678107;1636986678140;1636986678157;1636986678174;1636986678207;1636986678224;1636986678257;1636986678290;1636986678308;1636986678323;1636986678357;1636986678376;1636986678408;1636986678440;1636986678457;1636986678473;1636986678507;1636986678524;1636986678557;1636986678590;1636986678607;1636986678623;1636986678658;1636986678675;1636986679807;1636986679840;1636986679858;1636986679890;1636986679923;1636986679940;1636986679958;1636986679990;1636986680007;1636986680040;1636986680057;1636986680090;1636986680109;1636986680140;1636986680173;1636986680190;1636986680207;1636986680242;1636986680257;1636986680298;1636986680308;1636986680340;1636986680357;1636986680390;1636986680407;1636986680440;1636986680474;1636986680490;1636986680506;1636986680539;1636986680557---values=;1292;1325;1342;1375;1392;1425;1442;1474;1491;1525;1542;1575;1591;1625;1642;1675;1692;1726;1742;1775;1792;1825;1842;1875;1892;1926;1942;1975;1993;2025;2042;4310;4343;4377;4391;4425;4442;4475;4492;4525;4542;4575;4591;4625;4641;4675;4692;4725;4743;4776;4797;4825;4842;4875;4894;4926;4958;4975;4992;5025;5041;6076;6108;6125;6158;6191;6208;6225;6258;6275;6308;6325;6358;6375;6409;6426;6458;6491;6508;6525;6558;6591;6608;6625;6658;6674;6708;6743;6759;6776;6808;8175;8192;8225;8242;8275;8291;8325;8341;8377;8391;8425;8442;8476;8491;8524;8541;8575;8591;8624;8658;8674;8692;8724;8743;8776;8791;8825;8843;8874;8908;10047;10075;10109;10125;10158;10174;10208;10241;10258;10274;10308;10324;10358;10391;10408;10424;10464;10474;10508;10525;10558;10591;10608;10625;10658;10675;10708;10724;10759;10774;11691;11724;11741;11774;11792;11824;11841;11874;11891;11925;11941;11975;11992;12024;12041;12074;12108;12124;12141;12174;12191;12224;12257;12274;12292;12324;12341;12374;12392;12424;13774;13792;13824;13841;13874;13891;13924;13942;13974;13992;14025;14058;14074;14091;14124;14140;14174;14191;14224;14241;14274;14290;14324;14340;14374;14391;14424;14441;14474;14491;16010;16040;16057;16090;16107;16140;16174;16190;16207;16240;16258;16290;16307;16340;16374;16391;16407;16440;16457;16490;16507;16540;16557;16590;16608;16640;16657;16690;16707;16740;17537;17557;17591;17607;17640;17659;17692;17725;17740;17756;17790;17823;17840;17857;17890;17908;17941;17974;17990;18007;18040;18073;18090;18107;18140;18173;18190;18208;18240;18273;18290;19106;19140;19157;19176;19207;19241;19257;19274;19307;19340;19357;19374;19407;19425;19457;19490;19507;19524;19557;19590;19607;19624;19658;19693;19725;19757;19790;19807;19824;22087;22116;22124;22144;22157;22190;22207;22240;22273;22290;22307;22340;22357;22390;22423;22441;22456;22490;22509;22541;22573;22590;22606;22640;22657;22690;22723;22740;22756;22791;22808;23940;23973;23991;24023;24056;24073;24091;24123;24140;24173;24190;24223;24242;24273;24306;24323;24340;24375;24390;24431;24441;24473;24490;24523;24539;24573;24607;24623;24639;24672;24690""","270;300;330;210;120;60;240;30;0;150;180;90","""times=1636986655865;1636986657147;1636986660169;1636986661926;1636986664021;1636986665912;1636986667554;1636986669621;1636986671874;1636986673401;1636986674970;1636986677927;1636986679793---values=;1280;4302;6059;8154;10045;11687;13754;16007;17534;19103;22060;23926""","""times=1636986657124;1636986657933;1636986660149;1636986660939;1636986661910;1636986662690;1636986664000;1636986664784;1636986665885;1636986666670;1636986667526;1636986668306;1636986669598;1636986670375;1636986671842;1636986672622;1636986673370;1636986674173;1636986674937;1636986675725;1636986677893;1636986678701;1636986679777;1636986680583---values=true;false;true;false;true;false;true;false;true;false;true;false;true;false;true;false;true;false;true;false;true;false;true;false""","","","","","","","","","","","","","","","","","""times=1636986655865;1636986656489;1636986659128;1636986661706;1636986663483;1636986665545;1636986667177;1636986669060;1636986671554;1636986673145;1636986674717;1636986677024;1636986679422---values=;622;3261;5839;7616;9678;11310;13192;15687;17278;18850;21157;23555""","1","","","","","""times=1636986655864;1636986657123;1636986660148;1636986661908;1636986663998;1636986665884;1636986667524;1636986669597;1636986671840;1636986673368;1636986674934;1636986677890;1636986679776---values=;4.712391;5.23599;5.759589;3.6651930000000004;2.094396;1.047198;4.188792;0.523599;0;2.617995;3.1415940000000004;1.5707970000000002""","0","","","","","","","","","","","1636986681695","1636986655867","","","","","","","","","","","","","","","","","","","","","","blockNr_6_taskNr_15_trialNr_4_pursuit_rec.webm","""times=1636986655864;1636986655881;1636986657145;1636986660163;1636986661923;1636986664020;1636986665910;1636986667552;1636986669619;1636986671871;1636986673398;1636986674968;1636986677922;1636986679791---values=;629.1892009835043;1018.6229659918296;200;510.547558344693;335.3949401450531;344.5779177492516;529.4438644237312;282.4801992043772;217.99605510764408;212.92402087580595;856.9663622796504;352.88715388552305;1747.8741057609825""","","","","","0","25225","","""times=1636986655865;1636986658447;1636986661460;1636986663209;1636986665294;1636986667181;1636986668825;1636986670892;1636986673141;1636986674691;1636986676242;1636986679209;1636986681096---values=;2580;5593;7342;9427;11314;12958;15025;17274;18824;20375;23342;25229""","","","","","","""times=1636986657933;1636986658442;1636986660938;1636986661443;1636986662689;1636986663194;1636986664783;1636986665290;1636986666669;1636986667173;1636986668305;1636986668815;1636986670374;1636986670883;1636986672621;1636986673128;1636986674172;1636986674678;1636986675723;1636986676230;1636986678701;1636986679206;1636986680582;1636986681087---values=true;false;true;false;true;false;true;false;true;false;true;false;true;false;true;false;true;false;true;false;true;false;true;false""","","","","","","false","","","","","Mozilla/5.0 (Windows NT 10.0; Win64; x64) AppleWebKit/537.36 (KHTML, like Gecko) Chrome/95.0.4638.69 Safari/537.36 Edg/95.0.1020.53","false","Chrome","yes","","&quot;&quot;","","50","2021-11-15T14:49:05.000Z",312727,"4376","group_4","5.841121495327103",343269,"864","1536","25","de","DE","session_4",1,"2021-11-15T13:36:54.000Z","182","17","","Windows-PC","20.2 ms","121.9 ms",true,"95.0.4638.69 Safari/537.36 Edg/95.0.1020.53","864","1536"
6,"tasks (4,5,3,1,2)",15,"2. Smooth Pursuit","5","5","""times=1636986681712;1636986682690;1636986682706;1636986682740;1636986682774;1636986682790;1636986682808;1636986682840;1636986682856;1636986682889;1636986682906;1636986682939;1636986682956;1636986682990;1636986683007;1636986683040;1636986683056;1636986683091;1636986683123;1636986683140;1636986683157;1636986683190;1636986683206;1636986683240;1636986683257;1636986683290;1636986683307;1636986683340;1636986683356;1636986683390;1636986683406;1636986683440;1636986684457;1636986684490;1636986684506;1636986684539;1636986684556;1636986684590;1636986684606;1636986684641;1636986684656;1636986684690;1636986684706;1636986684740;1636986684759;1636986684791;1636986684806;1636986684839;1636986684873;1636986684890;1636986684906;1636986684940;1636986684956;1636986684990;1636986685006;1636986685040;1636986685056;1636986685090;1636986685106;1636986685140;1636986685156;1636986685190;1636986685206;1636986686806;1636986686823;1636986686856;1636986686873;1636986686906;1636986686939;1636986686956;1636986686973;1636986687006;1636986687039;1636986687056;1636986687073;1636986687106;1636986687139;1636986687156;1636986687173;1636986687206;1636986687240;1636986687256;1636986687272;1636986687306;1636986687339;1636986687356;1636986687372;1636986687406;1636986687439;1636986687456;1636986687472;1636986687506;1636986687524;1636986688656;1636986688690;1636986688706;1636986688739;1636986688757;1636986688789;1636986688806;1636986688839;1636986688856;1636986688889;1636986688906;1636986688939;1636986688956;1636986688989;1636986689006;1636986689040;1636986689055;1636986689089;1636986689123;1636986689139;1636986689156;1636986689189;1636986689205;1636986689239;1636986689256;1636986689289;1636986689306;1636986689339;1636986689355;1636986689389;1636986690356;1636986690389;1636986690405;1636986690439;1636986690455;1636986690489;1636986690506;1636986690539;1636986690556;1636986690589;1636986690605;1636986690639;1636986690655;1636986690689;1636986690708;1636986690741;1636986690755;1636986690789;1636986690805;1636986690839;1636986690856;1636986690889;1636986690922;1636986690939;1636986690956;1636986690989;1636986691005;1636986691039;1636986691055;1636986691089;1636986692872;1636986692889;1636986692922;1636986692955;1636986692972;1636986692989;1636986693022;1636986693039;1636986693072;1636986693105;1636986693122;1636986693140;1636986693172;1636986693188;1636986693222;1636986693239;1636986693272;1636986693305;1636986693322;1636986693339;1636986693372;1636986693389;1636986693422;1636986693438;1636986693474;1636986693507;1636986693522;1636986693539;1636986693572;1636986693605;1636986695122;1636986695155;1636986695171;1636986695205;1636986695222;1636986695255;1636986695272;1636986695305;1636986695322;1636986695355;1636986695372;1636986695405;1636986695422;1636986695455;1636986695488;1636986695505;1636986695522;1636986695555;1636986695572;1636986695605;1636986695621;1636986695655;1636986695672;1636986695705;1636986695722;1636986695755;1636986695771;1636986695805;1636986695822;1636986695855;1636986695872;1636986697289;1636986697321;1636986697339;1636986697372;1636986697388;1636986697422;1636986697438;1636986697472;1636986697505;1636986697523;1636986697539;1636986697573;1636986697605;1636986697625;1636986697641;1636986697672;1636986697688;1636986697722;1636986697755;1636986697771;1636986697788;1636986697821;1636986697839;1636986697871;1636986697905;1636986697923;1636986697938;1636986697972;1636986697989;1636986698022;1636986698038;1636986698971;1636986698988;1636986699005;1636986699038;1636986699071;1636986699088;1636986699105;1636986699138;1636986699155;1636986699189;1636986699204;1636986699238;1636986699256;1636986699288;1636986699321;1636986699338;1636986699354;1636986699388;1636986699405;1636986699438;1636986699455;1636986699488;1636986699505;1636986699538;1636986699556;1636986699590;1636986699605;1636986699638;1636986699654;1636986699688;1636986700622;1636986700655;1636986700671;1636986700705;1636986700723;1636986700756;1636986700771;1636986700806;1636986700838;1636986700854;1636986700872;1636986700905;1636986700921;1636986700954;1636986700972;1636986701004;1636986701021;1636986701055;1636986701071;1636986701105;1636986701121;1636986701155;1636986701171;1636986701204;1636986701221;1636986701254;1636986701288;1636986701304;1636986701321;1636986701354;1636986702255;1636986702271;1636986702287;1636986702322;1636986702338;1636986702371;1636986702388;1636986702421;1636986702438;1636986702471;1636986702504;1636986702521;1636986702538;1636986702571;1636986702588;1636986702622;1636986702638;1636986702671;1636986702688;1636986702722;1636986702737;1636986702772;1636986702789;1636986702821;1636986702837;1636986702871;1636986702888;1636986702921;1636986702938;1636986702971;1636986704921;1636986704954;1636986704972;1636986704987;1636986705021;1636986705037;1636986705071;1636986705088;1636986705121;1636986705139;1636986705172;1636986705188;1636986705231;1636986705237;1636986705271;1636986705287;1636986705321;1636986705354;1636986705371;1636986705388;1636986705421;1636986705437;1636986705471;1636986705488;1636986705521;1636986705538;1636986705571;1636986705587;1636986705621;1636986705655---values=;976;992;1026;1060;1076;1094;1126;1142;1175;1192;1225;1242;1276;1293;1326;1342;1377;1409;1426;1443;1476;1492;1526;1543;1576;1593;1626;1642;1676;1692;1726;2743;2776;2792;2825;2842;2876;2892;2927;2942;2976;2992;3026;3045;3077;3092;3125;3159;3176;3192;3226;3242;3276;3292;3326;3342;3375;3392;3425;3442;3475;3492;5092;5109;5142;5159;5192;5225;5242;5259;5292;5325;5342;5359;5392;5425;5442;5459;5492;5526;5542;5558;5592;5625;5642;5658;5692;5725;5742;5758;5792;5810;6942;6976;6992;7025;7043;7075;7091;7125;7142;7175;7192;7225;7242;7275;7292;7326;7341;7375;7409;7425;7442;7475;7491;7525;7541;7575;7592;7625;7641;7675;8642;8675;8691;8725;8741;8775;8792;8825;8842;8875;8891;8925;8941;8975;8994;9027;9041;9075;9091;9125;9142;9175;9208;9225;9242;9275;9291;9325;9341;9375;11158;11175;11208;11241;11258;11275;11308;11325;11358;11391;11408;11426;11458;11474;11508;11525;11558;11591;11608;11625;11658;11675;11708;11724;11760;11793;11808;11825;11858;11891;13407;13441;13457;13491;13508;13541;13558;13591;13607;13641;13658;13691;13707;13741;13774;13791;13808;13841;13858;13891;13907;13941;13958;13991;14008;14041;14057;14091;14108;14141;14158;15575;15607;15625;15658;15674;15708;15724;15758;15791;15809;15825;15859;15891;15911;15927;15958;15974;16008;16041;16057;16074;16107;16125;16157;16191;16209;16224;16257;16275;16308;16324;17257;17274;17291;17324;17357;17374;17391;17424;17441;17475;17490;17524;17541;17574;17607;17624;17640;17674;17691;17724;17741;17774;17791;17824;17842;17876;17891;17924;17940;17974;18908;18941;18957;18991;19009;19042;19057;19092;19124;19140;19158;19190;19207;19240;19258;19290;19307;19341;19357;19391;19407;19441;19457;19490;19507;19540;19574;19590;19607;19640;20540;20557;20573;20608;20624;20657;20673;20707;20724;20757;20790;20807;20824;20857;20874;20908;20924;20957;20974;21008;21023;21058;21075;21107;21123;21157;21173;21207;21224;21257;23207;23240;23258;23273;23307;23323;23357;23374;23407;23425;23458;23474;23517;23523;23557;23573;23607;23640;23657;23674;23707;23723;23757;23774;23807;23824;23857;23873;23907;23941""","180;0;300;30;120;150;90;270;330;240;210;60","""times=1636986681712;1636986682668;1636986684445;1636986686792;1636986688640;1636986690345;1636986692856;1636986695109;1636986697279;1636986698945;1636986700611;1636986702222;1636986704899---values=;954;2731;5078;6926;8631;11142;13395;15565;17231;18897;20508;23185""","""times=1636986682648;1636986683454;1636986684424;1636986685229;1636986686768;1636986687551;1636986688620;1636986689402;1636986690323;1636986691104;1636986692833;1636986693615;1636986695088;1636986695895;1636986697255;1636986698058;1636986698922;1636986699701;1636986700590;1636986701367;1636986702205;1636986702988;1636986704881;1636986705659---values=true;false;true;false;true;false;true;false;true;false;true;false;true;false;true;false;true;false;true;false;true;false;true;false""","","","","","","","","","","","","","","","","","""times=1636986681712;1636986682278;1636986684219;1636986686456;1636986688118;1636986690117;1636986692463;1636986694492;1636986696505;1636986698716;1636986700387;1636986701997;1636986704462---values=;564;2505;4742;6404;8403;10749;12778;14791;17002;18673;20283;22748""","1","","","","","""times=1636986681711;1636986682647;1636986684423;1636986686767;1636986688620;1636986690321;1636986692831;1636986695086;1636986697254;1636986698921;1636986700589;1636986702204;1636986704879---values=;3.1415940000000004;0;5.23599;0.523599;2.094396;2.617995;1.5707970000000002;4.712391;5.759589;4.188792;3.6651930000000004;1.047198""","0","","","","","","","","","","","1636986706767","1636986681714","","","","","","","","","","","","","","","","","","","","","","blockNr_6_taskNr_15_trialNr_5_pursuit_rec.webm","""times=1636986681711;1636986681735;1636986682667;1636986684443;1636986686787;1636986688637;1636986690342;1636986692853;1636986695107;1636986697278;1636986702220;1636986704897---values=;368.65005774407905;200;309.949887595919;493.3938491339917;200;361.548368381705;588.3784557182446;747.7567180288942;200;412.40414909303905;200""","","","","","1","24459","","""times=1636986681712;1636986683976;1636986685740;1636986688058;1636986689910;1636986691631;1636986694140;1636986696407;1636986698572;1636986700207;1636986701874;1636986703505;1636986706181---values=;2262;4026;6344;8196;9917;12425;14693;16858;18493;20160;21791;24467""","","","","","","""times=1636986683453;1636986683958;1636986685228;1636986685736;1636986687550;1636986688054;1636986689401;1636986689905;1636986691103;1636986691614;1636986693614;1636986694122;1636986695894;1636986696399;1636986698058;1636986698562;1636986699700;1636986700204;1636986701367;1636986701871;1636986702987;1636986703490;1636986705658;1636986706168---values=true;false;true;false;true;false;true;false;true;false;true;false;true;false;true;false;true;false;true;false;true;false;true;false""","","","","","","false","","","","","Mozilla/5.0 (Windows NT 10.0; Win64; x64) AppleWebKit/537.36 (KHTML, like Gecko) Chrome/95.0.4638.69 Safari/537.36 Edg/95.0.1020.53","false","Chrome","yes","","&quot;&quot;","","50","2021-11-15T14:49:05.000Z",312727,"4376","group_4","5.841121495327103",343269,"864","1536","25","de","DE","session_4",1,"2021-11-15T13:36:54.000Z","182","17","","Windows-PC","20.2 ms","121.9 ms",true,"95.0.4638.69 Safari/537.36 Edg/95.0.1020.53","864","1536"
6,"tasks (4,5,3,1,2)",14,"ex_Smooth Pursuit","1","1","","","","","","","","","","","","1","","","","","","","","","","1","330;30;300;120;60;210;150;180;0;90;240;270","","","","","","","","","","","","","","","","","","","","","","","","","","","","","","","","","","","","","","","","","","","","","","","","","","","","","","","","","","","","false","","","","","Mozilla/5.0 (Windows NT 10.0; Win64; x64) AppleWebKit/537.36 (KHTML, like Gecko) Chrome/95.0.4638.69 Safari/537.36 Edg/95.0.1020.53","false","Chrome","yes","","&quot;&quot;","","50","2021-11-15T14:49:05.000Z",312727,"4376","group_4","5.841121495327103",343269,"864","1536","25","de","DE","session_4",1,"2021-11-15T13:36:54.000Z","182","17","","Windows-PC","20.2 ms","121.9 ms",true,"95.0.4638.69 Safari/537.36 Edg/95.0.1020.53","864","1536"
6,"tasks (4,5,3,1,2)",13,"2. pursuit_instructions","1","1","","","","","","","","","","","","","","","","","","","","","","1","","","","","","","","","","","","","","","","","","","","","","","","","","","","","","","","","","","","","","","","","","","","","","","","","","","","","","","","","","","","","","","","","","Mozilla/5.0 (Windows NT 10.0; Win64; x64) AppleWebKit/537.36 (KHTML, like Gecko) Chrome/95.0.4638.69 Safari/537.36 Edg/95.0.1020.53","false","Chrome","yes","","&quot;&quot;","","50","2021-11-15T14:49:05.000Z",312727,"4376","group_4","5.841121495327103",343269,"864","1536","25","de","DE","session_4",1,"2021-11-15T13:36:54.000Z","182","17","","Windows-PC","20.2 ms","121.9 ms",true,"95.0.4638.69 Safari/537.36 Edg/95.0.1020.53","864","1536"
6,"tasks (4,5,3,1,2)",12,"1. Fixation","1","2","","","","","","","","","","","","1","","","","","","","","","","1","","","","","","0","","","","","","","13;10;5;11;1;3;9;6;4;8;7;12;2","blockNr_6_taskNr_12_trialNr_1_FixRec.webm","","","1636985049388","1636985004834","","","","","","","","","","","","","","","","","","","","","""times=1636985004893;1636985011465;1636985014799;1636985017714;1636985020714;1636985023664;1636985026596;1636985029630;1636985032729;1636985035629;1636985038845;1636985041695;1636985044994;1636985048281---values=61;6633;9967;12882;15882;18832;21764;24798;27897;30797;34013;36863;40162;43449""","","","","","","","2","43436","","","","","","","","","","","","""times=1636985008960;1636985012279;1636985015201;1636985018199;1636985021154;1636985024089;1636985027118;1636985030220;1636985033118;1636985036326;1636985039189;1636985042484;1636985045759---values=4128;7447;10369;13367;16322;19257;22286;25388;28286;31494;34357;37652;40927""","","false","","","","","Mozilla/5.0 (Windows NT 10.0; Win64; x64) AppleWebKit/537.36 (KHTML, like Gecko) Chrome/95.0.4638.69 Safari/537.36 Edg/95.0.1020.53","false","Chrome","yes","","&quot;&quot;","","50","2021-11-15T14:49:05.000Z",312727,"4376","group_4","5.841121495327103",343269,"864","1536","25","de","DE","session_4",1,"2021-11-15T13:36:54.000Z","182","17","","Windows-PC","20.2 ms","121.9 ms",true,"95.0.4638.69 Safari/537.36 Edg/95.0.1020.53","864","1536"
6,"tasks (4,5,3,1,2)",12,"1. Fixation","2","3","","","","","","","","","","","","1","","","","","","","","","","1","","","","","","0","","","","","","","7;2;1;10;11;4;3;5;13;8;12;9;6","blockNr_6_taskNr_12_trialNr_2_FixRec.webm","","","1636985109390","1636985049418","","","","","","","","","","","","","","","","","","","","","""times=1636985049399;1636985049582;1636985060726;1636985063676;1636985066675;1636985069760;1636985072774;1636985075941;1636985078975;1636985081824;1636985084857;1636985087873;1636985096039;1636985103472;1636985107890---values=;174;11318;14268;17267;20352;23366;26533;29567;32416;35449;38465;46631;54064;58482""","","","","","","","10","58480","","","","","","","","","","","","""times=1636985049399;1636985058211;1636985061172;1636985064165;1636985067245;1636985070258;1636985073426;1636985076467;1636985079308;1636985082352;1636985085365;1636985093530;1636985100953;1636985105376---values=;8803;11764;14757;17837;20850;24018;27059;29900;32944;35956;44121;51545;55968""","","false","","","","","Mozilla/5.0 (Windows NT 10.0; Win64; x64) AppleWebKit/537.36 (KHTML, like Gecko) Chrome/95.0.4638.69 Safari/537.36 Edg/95.0.1020.53","false","Chrome","yes","","&quot;&quot;","","50","2021-11-15T14:49:05.000Z",312727,"4376","group_4","5.841121495327103",343269,"864","1536","25","de","DE","session_4",1,"2021-11-15T13:36:54.000Z","182","17","","Windows-PC","20.2 ms","121.9 ms",true,"95.0.4638.69 Safari/537.36 Edg/95.0.1020.53","864","1536"
6,"tasks (4,5,3,1,2)",12,"1. Fixation","3","5","","","","","","","","","","","","1","","","","","","","","","","1","","","","","","0","","","","","","","6;10;12;1;5;11;4;2;3;9;13;8;7","blockNr_6_taskNr_12_trialNr_3_FixRec.webm","","","1636985199110","1636985109465","","","","","","","","","","","","","","","","","","","","","""times=1636985109433;1636985109568;1636985115204;1636985120954;1636985124003;1636985127120;1636985137568;1636985151651;1636985154649;1636985158016;1636985161265;1636985173948;1636985181996;1636985186196;1636985197097---values=;106;5742;11492;14541;17658;28106;42189;45187;48554;51803;64486;72534;76734;87635""","","","","","","","3","87611","","","","","","","","","","","","""times=1636985109433;1636985112682;1636985118446;1636985121496;1636985124611;1636985135056;1636985149148;1636985152125;1636985155494;1636985158762;1636985171431;1636985179485;1636985183678;1636985194562---values=;3220;8984;12034;15149;25594;39686;42663;46032;49300;61969;70023;74216;85100""","","false","","","","","Mozilla/5.0 (Windows NT 10.0; Win64; x64) AppleWebKit/537.36 (KHTML, like Gecko) Chrome/95.0.4638.69 Safari/537.36 Edg/95.0.1020.53","false","Chrome","yes","","&quot;&quot;","","50","2021-11-15T14:49:05.000Z",312727,"4376","group_4","5.841121495327103",343269,"864","1536","25","de","DE","session_4",1,"2021-11-15T13:36:54.000Z","182","17","","Windows-PC","20.2 ms","121.9 ms",true,"95.0.4638.69 Safari/537.36 Edg/95.0.1020.53","864","1536"
6,"tasks (4,5,3,1,2)",12,"1. Fixation","4","4","","","","","","","","","","","","1","","","","","","","","","","1","","","","","","0","","","","","","","5;7;1;13;11;6;3;8;10;4;2;9;12","blockNr_6_taskNr_12_trialNr_4_FixRec.webm","","","1636985388712","1636985199124","","","","","","","","","","","","","","","","","","","","","""times=1636985199120;1636985199189;1636985212793;1636985217193;1636985233358;1636985261605;1636985265004;1636985285069;1636985296251;1636985306600;1636985324915;1636985333314;1636985349779;1636985376727;1636985384964---values=;67;13671;18071;34236;62483;65882;85947;97129;107478;125793;134192;150657;177604;185842""","","","","","","","2","185839","","","","","","","","","","","","""times=1636985199120;1636985210283;1636985214687;1636985230838;1636985259090;1636985262495;1636985282553;1636985293731;1636985304085;1636985322404;1636985330806;1636985347258;1636985374207;1636985382446---values=;11161;15565;31716;59968;63373;83431;94609;104963;123282;131684;148136;175085;183324""","","false","","","","","Mozilla/5.0 (Windows NT 10.0; Win64; x64) AppleWebKit/537.36 (KHTML, like Gecko) Chrome/95.0.4638.69 Safari/537.36 Edg/95.0.1020.53","false","Chrome","yes","","&quot;&quot;","","50","2021-11-15T14:49:05.000Z",312727,"4376","group_4","5.841121495327103",343269,"864","1536","25","de","DE","session_4",1,"2021-11-15T13:36:54.000Z","182","17","","Windows-PC","20.2 ms","121.9 ms",true,"95.0.4638.69 Safari/537.36 Edg/95.0.1020.53","864","1536"
6,"tasks (4,5,3,1,2)",12,"1. Fixation","5","1","","","","","","","","","","","","1","","","","","","","","","","1","","","","","","0","","","","","","","12;8;4;10;9;1;3;6;11;5;7;2;13","blockNr_6_taskNr_12_trialNr_5_FixRec.webm","","","1636986403819","1636985388730","","","","","","","","","","","","","","","","","","","","","""times=1636985388723;1636985388742;1636985405373;1636985409356;1636985462484;1636985517928;1636985629450;1636985741722;1636985823329;1636985992330;1636986000211;1636986105567;1636986148429;1636986379605;1636986382980---values=;14;16645;20628;73756;129200;240722;352994;434601;603602;611483;716839;759701;990877;994252""","","","","","","","2","994249","","","","","","","","","","","","""times=1636985388723;1636985402857;1636985406839;1636985459968;1636985515420;1636985626933;1636985739212;1636985820810;1636985989817;1636985997701;1636986103044;1636986145917;1636986377102;1636986380465---values=;14129;18111;71240;126692;238205;350484;432082;601089;608973;714316;757189;988374;991737""","","false","","","","","Mozilla/5.0 (Windows NT 10.0; Win64; x64) AppleWebKit/537.36 (KHTML, like Gecko) Chrome/95.0.4638.69 Safari/537.36 Edg/95.0.1020.53","false","Chrome","yes","","&quot;&quot;","","50","2021-11-15T14:49:05.000Z",312727,"4376","group_4","5.841121495327103",343269,"864","1536","25","de","DE","session_4",1,"2021-11-15T13:36:54.000Z","182","17","","Windows-PC","20.2 ms","121.9 ms",true,"95.0.4638.69 Safari/537.36 Edg/95.0.1020.53","864","1536"
6,"tasks (4,5,3,1,2)",11,"ex_Fixation","1","1","","","","","","","","","","","","1","","","","","","","","","","1","","","","","","","","","","","","","","","","","","","","","","","","","","","","","","","","","","","","","","","","","","","","","","","","","","","","","","","","","","","","","false","","","","","Mozilla/5.0 (Windows NT 10.0; Win64; x64) AppleWebKit/537.36 (KHTML, like Gecko) Chrome/95.0.4638.69 Safari/537.36 Edg/95.0.1020.53","false","Chrome","yes","","&quot;&quot;","","50","2021-11-15T14:49:05.000Z",312727,"4376","group_4","5.841121495327103",343269,"864","1536","25","de","DE","session_4",1,"2021-11-15T13:36:54.000Z","182","17","","Windows-PC","20.2 ms","121.9 ms",true,"95.0.4638.69 Safari/537.36 Edg/95.0.1020.53","864","1536"
6,"tasks (4,5,3,1,2)",10,"1. Fixation_instructions","1","1","","","","","","","","","","","","","","","","","","","","","","1","","","","","","","","","","","","","","","","","","","","","","","","","","","","","","","","","","","","","","","","","","","","","","","","","","","","","","","","","","","","","","","","","","Mozilla/5.0 (Windows NT 10.0; Win64; x64) AppleWebKit/537.36 (KHTML, like Gecko) Chrome/95.0.4638.69 Safari/537.36 Edg/95.0.1020.53","false","Chrome","yes","","&quot;&quot;","","50","2021-11-15T14:49:05.000Z",312727,"4376","group_4","5.841121495327103",343269,"864","1536","25","de","DE","session_4",1,"2021-11-15T13:36:54.000Z","182","17","","Windows-PC","20.2 ms","121.9 ms",true,"95.0.4638.69 Safari/537.36 Edg/95.0.1020.53","864","1536"
6,"tasks (4,5,3,1,2)",9,"3. FreeView","1","17","","","","","","","","","","","","","""times=1636983415917---values=true""","","","","","","","","","1","","","","","","0","","","","","","","","","","","","1636984885363","","","","","","","","","","","","","","","","""times=1636983415916;1636984885363---values=0;15""","","","","","","","","","","","","","","","","","","","","","","","","","","","false","","","","","Mozilla/5.0 (Windows NT 10.0; Win64; x64) AppleWebKit/537.36 (KHTML, like Gecko) Chrome/95.0.4638.69 Safari/537.36 Edg/95.0.1020.53","false","Chrome","yes","","&quot;&quot;","","50","2021-11-15T14:49:05.000Z",312727,"4376","group_4","5.841121495327103",343269,"864","1536","25","de","DE","session_4",1,"2021-11-15T13:36:54.000Z","182","17","","Windows-PC","20.2 ms","121.9 ms",true,"95.0.4638.69 Safari/537.36 Edg/95.0.1020.53","864","1536"
6,"tasks (4,5,3,1,2)",9,"3. FreeView","2","15","","","","","","","","","","","","","","","","","","","","","","1","","","","","","0","","","","","","","","","","","1636984889838","1636984885509","","blockNr_6_taskNr_9_trialNr_2_freeViewRec.webm","","","3018","","","","","","","","","","","""times=1636984888517---values=8""","","","","","","","","","","","","5","4011","","","","","","","","","","","","","","false","","","","","Mozilla/5.0 (Windows NT 10.0; Win64; x64) AppleWebKit/537.36 (KHTML, like Gecko) Chrome/95.0.4638.69 Safari/537.36 Edg/95.0.1020.53","false","Chrome","yes","","&quot;&quot;","","50","2021-11-15T14:49:05.000Z",312727,"4376","group_4","5.841121495327103",343269,"864","1536","25","de","DE","session_4",1,"2021-11-15T13:36:54.000Z","182","17","","Windows-PC","20.2 ms","121.9 ms",true,"95.0.4638.69 Safari/537.36 Edg/95.0.1020.53","864","1536"
6,"tasks (4,5,3,1,2)",9,"3. FreeView","3","8","","","","","","","","","","","","","","","","","","","","","","1","","","","","","0","","","","","","","","","","","1636984894220","1636984889924","","blockNr_6_taskNr_9_trialNr_3_freeViewRec.webm","","","3020","","","","","","","","","","","""times=1636984892928---values=13""","","","","","","","","","","","","3","4009","","","","","","","","","","","","","","false","","","","","Mozilla/5.0 (Windows NT 10.0; Win64; x64) AppleWebKit/537.36 (KHTML, like Gecko) Chrome/95.0.4638.69 Safari/537.36 Edg/95.0.1020.53","false","Chrome","yes","","&quot;&quot;","","50","2021-11-15T14:49:05.000Z",312727,"4376","group_4","5.841121495327103",343269,"864","1536","25","de","DE","session_4",1,"2021-11-15T13:36:54.000Z","182","17","","Windows-PC","20.2 ms","121.9 ms",true,"95.0.4638.69 Safari/537.36 Edg/95.0.1020.53","864","1536"
6,"tasks (4,5,3,1,2)",9,"3. FreeView","4","13","","","","","","","","","","","","","","","","","","","","","","1","","","","","","0","","","","","","","","","","","1636984898554","1636984894279","","blockNr_6_taskNr_9_trialNr_4_freeViewRec.webm","","","3015","","","","","","","","","","","""times=1636984897287---values=4""","","","","","","","","","","","","2","4014","","","","","","","","","","","","","","false","","","","","Mozilla/5.0 (Windows NT 10.0; Win64; x64) AppleWebKit/537.36 (KHTML, like Gecko) Chrome/95.0.4638.69 Safari/537.36 Edg/95.0.1020.53","false","Chrome","yes","","&quot;&quot;","","50","2021-11-15T14:49:05.000Z",312727,"4376","group_4","5.841121495327103",343269,"864","1536","25","de","DE","session_4",1,"2021-11-15T13:36:54.000Z","182","17","","Windows-PC","20.2 ms","121.9 ms",true,"95.0.4638.69 Safari/537.36 Edg/95.0.1020.53","864","1536"
6,"tasks (4,5,3,1,2)",9,"3. FreeView","5","4","","","","","","","","","","","","","","","","","","","","","","1","","","","","","0","","","","","","","","","","","1636984903017","1636984898631","","blockNr_6_taskNr_9_trialNr_5_freeViewRec.webm","","","3029","","","","","","","","","","","""times=1636984901642---values=5""","","","","","","","","","","","","4","4021","","","","","","","","","","","","","","false","","","","","Mozilla/5.0 (Windows NT 10.0; Win64; x64) AppleWebKit/537.36 (KHTML, like Gecko) Chrome/95.0.4638.69 Safari/537.36 Edg/95.0.1020.53","false","Chrome","yes","","&quot;&quot;","","50","2021-11-15T14:49:05.000Z",312727,"4376","group_4","5.841121495327103",343269,"864","1536","25","de","DE","session_4",1,"2021-11-15T13:36:54.000Z","182","17","","Windows-PC","20.2 ms","121.9 ms",true,"95.0.4638.69 Safari/537.36 Edg/95.0.1020.53","864","1536"
6,"tasks (4,5,3,1,2)",9,"3. FreeView","6","5","","","","","","","","","","","","","","","","","","","","","","1","","","","","","0","","","","","","","","","","","1636984907338","1636984903089","","blockNr_6_taskNr_9_trialNr_6_freeViewRec.webm","","","3022","","","","","","","","","","","""times=1636984906093---values=14""","","","","","","","","","","","","5","4015","","","","","","","","","","","","","","false","","","","","Mozilla/5.0 (Windows NT 10.0; Win64; x64) AppleWebKit/537.36 (KHTML, like Gecko) Chrome/95.0.4638.69 Safari/537.36 Edg/95.0.1020.53","false","Chrome","yes","","&quot;&quot;","","50","2021-11-15T14:49:05.000Z",312727,"4376","group_4","5.841121495327103",343269,"864","1536","25","de","DE","session_4",1,"2021-11-15T13:36:54.000Z","182","17","","Windows-PC","20.2 ms","121.9 ms",true,"95.0.4638.69 Safari/537.36 Edg/95.0.1020.53","864","1536"
6,"tasks (4,5,3,1,2)",9,"3. FreeView","7","14","","","","","","","","","","","","","","","","","","","","","","1","","","","","","0","","","","","","","","","","","1636984911741","1636984907419","","blockNr_6_taskNr_9_trialNr_7_freeViewRec.webm","","","3010","","","","","","","","","","","""times=1636984910424---values=1""","","","","","","","","","","","","2","4016","","","","","","","","","","","","","","false","","","","","Mozilla/5.0 (Windows NT 10.0; Win64; x64) AppleWebKit/537.36 (KHTML, like Gecko) Chrome/95.0.4638.69 Safari/537.36 Edg/95.0.1020.53","false","Chrome","yes","","&quot;&quot;","","50","2021-11-15T14:49:05.000Z",312727,"4376","group_4","5.841121495327103",343269,"864","1536","25","de","DE","session_4",1,"2021-11-15T13:36:54.000Z","182","17","","Windows-PC","20.2 ms","121.9 ms",true,"95.0.4638.69 Safari/537.36 Edg/95.0.1020.53","864","1536"
6,"tasks (4,5,3,1,2)",9,"3. FreeView","8","1","","","","","","","","","","","","","","","","","","","","","","1","","","","","","0","","","","","","","","","","","1636984916016","1636984911830","","blockNr_6_taskNr_9_trialNr_8_freeViewRec.webm","","","3012","","","","","","","","","","","""times=1636984914834---values=2""","","","","","","","","","","","","2","4006","","","","","","","","","","","","","","false","","","","","Mozilla/5.0 (Windows NT 10.0; Win64; x64) AppleWebKit/537.36 (KHTML, like Gecko) Chrome/95.0.4638.69 Safari/537.36 Edg/95.0.1020.53","false","Chrome","yes","","&quot;&quot;","","50","2021-11-15T14:49:05.000Z",312727,"4376","group_4","5.841121495327103",343269,"864","1536","25","de","DE","session_4",1,"2021-11-15T13:36:54.000Z","182","17","","Windows-PC","20.2 ms","121.9 ms",true,"95.0.4638.69 Safari/537.36 Edg/95.0.1020.53","864","1536"
6,"tasks (4,5,3,1,2)",9,"3. FreeView","9","2","","","","","","","","","","","","","","","","","","","","","","1","","","","","","0","","","","","","","","","","","","1636984916079","","blockNr_6_taskNr_9_trialNr_9_freeViewRec.webm","","","3013","","","","","","","","","","","""times=1636984919083---values=6""","","","","","","","","","","","","2","4011","","","","","","","","","","","","","","false","","","","","Mozilla/5.0 (Windows NT 10.0; Win64; x64) AppleWebKit/537.36 (KHTML, like Gecko) Chrome/95.0.4638.69 Safari/537.36 Edg/95.0.1020.53","false","Chrome","yes","","&quot;&quot;","","50","2021-11-15T14:49:05.000Z",312727,"4376","group_4","5.841121495327103",343269,"864","1536","25","de","DE","session_4",1,"2021-11-15T13:36:54.000Z","182","17","","Windows-PC","20.2 ms","121.9 ms",true,"95.0.4638.69 Safari/537.36 Edg/95.0.1020.53","864","1536"
6,"tasks (4,5,3,1,2)",8,"ex_Freeview","1","1","","","","","","","","","","","","1","","","","","","","","","","1","","","","","","","","","","","","","","","","","","","","","","","","","","","","","","","","","","","","","","","","","","","","","","","","","","","","","","","","","","","","","","","","","","Mozilla/5.0 (Windows NT 10.0; Win64; x64) AppleWebKit/537.36 (KHTML, like Gecko) Chrome/95.0.4638.69 Safari/537.36 Edg/95.0.1020.53","false","Chrome","yes","","&quot;&quot;","","50","2021-11-15T14:49:05.000Z",312727,"4376","group_4","5.841121495327103",343269,"864","1536","25","de","DE","session_4",1,"2021-11-15T13:36:54.000Z","182","17","","Windows-PC","20.2 ms","121.9 ms",true,"95.0.4638.69 Safari/537.36 Edg/95.0.1020.53","864","1536"
6,"tasks (4,5,3,1,2)",7,"3. FreeView_instructions","1","1","","","","","","","","","","","","","","","","","","","","","","1","","","","","","0","","","","","","","","","","","","","","","","","","","","","","","","","","","","","","","","","","","","","","","","","","","","","","","","","","","","","","","","","","","","Mozilla/5.0 (Windows NT 10.0; Win64; x64) AppleWebKit/537.36 (KHTML, like Gecko) Chrome/95.0.4638.69 Safari/537.36 Edg/95.0.1020.53","false","Chrome","yes","","&quot;&quot;","","50","2021-11-15T14:49:05.000Z",312727,"4376","group_4","5.841121495327103",343269,"864","1536","25","de","DE","session_4",1,"2021-11-15T13:36:54.000Z","182","17","","Windows-PC","20.2 ms","121.9 ms",true,"95.0.4638.69 Safari/537.36 Edg/95.0.1020.53","864","1536"
6,"tasks (4,5,3,1,2)",6,"5. Blink Detect","1","2","","","","","","","""times=1636984807351;1636984809012;1636984810560;1636984812069;1636984813502;1636984815039;1636984816432---values=1499;3159;4708;6217;7650;9187;10580""","""times=1636984807516;1636984809186;1636984810735;1636984812235;1636984813678;1636984815216;1636984816618---values=1664;3334;4883;6383;7826;9364;10766""","blockNr_6_taskNr_6_trialNr_1_BlinkRec.webm","","","","","","","","","","","","","1","","","","","","0","","","","","","","","","","","1636984819153","1636984805853","","","","","","","""times=1636983415933;1636984807518;1636984809188;1636984810737;1636984812237;1636984813680;1636984815218;1636984818627---values=1;2;3;4;5;6;7;8""","","","","","","","","""times=1636984805854;1636984807516;1636984809186;1636984810735;1636984812235;1636984813678;1636984815216---values=1492.3869584607644;1486.647758366586;1369.570310406526;1331.4263135069007;1264.8453267486593;1357.9209373429755;1214.0443929330354""","","","","","","","","","""times=1636984805854;1636984807516;1636984809186;1636984810735;1636984812235;1636984813678;1636984815216---values=0.730967396151911;0.7166193959164648;0.42392577601631487;0.32856578376725176;0.16211331687164798;0.394802343357439;0.03511098233258836""","","","","2","12775","","","","","","","","","","","","","","false","","","","","Mozilla/5.0 (Windows NT 10.0; Win64; x64) AppleWebKit/537.36 (KHTML, like Gecko) Chrome/95.0.4638.69 Safari/537.36 Edg/95.0.1020.53","false","Chrome","yes","","&quot;&quot;","","50","2021-11-15T14:49:05.000Z",312727,"4376","group_4","5.841121495327103",343269,"864","1536","25","de","DE","session_4",1,"2021-11-15T13:36:54.000Z","182","17","","Windows-PC","20.2 ms","121.9 ms",true,"95.0.4638.69 Safari/537.36 Edg/95.0.1020.53","864","1536"
6,"tasks (4,5,3,1,2)",6,"5. Blink Detect","2","5","","","","","","","""times=1636984819162;1636984820752;1636984822331;1636984824096;1636984825581;1636984826992;1636984828461;1636984829961---values=;1583;3162;4927;6412;7823;9292;10792""","""times=1636984819162;1636984820918;1636984822496;1636984824277;1636984825759;1636984827180;1636984828640;1636984830135---values=;1749;3327;5108;6590;8011;9471;10966""","blockNr_6_taskNr_6_trialNr_2_BlinkRec.webm","","","","","","","","","","","","","1","","","","","","0","","","","","","","","","","","1636984832561","1636984819169","","","","","","","""times=1636984819161;1636984820920;1636984822498;1636984824279;1636984825761;1636984827183;1636984828643;1636984832150---values=1;2;3;4;5;6;7;8""","","","","","","","","""times=1636984819161;1636984819170;1636984820918;1636984822496;1636984824278;1636984825759;1636984827180;1636984828640---values=;1579.3837366878547;1410.5232258113003;1594.6263972501818;1292.9513576081645;1223.9356891508924;1274.576955211578;1311.7950632060429""","","","","","","","","","""times=1636984819161;1636984819170;1636984820918;1636984822496;1636984824278;1636984825759;1636984827180;1636984828640---values=;0.9484593417196368;0.5263080645282507;0.9865659931254542;0.23237839402041116;0.05983922287723065;0.18644238802894497;0.27948765801510733""","","","","1","12981","","","","","","","","","","","","","","false","","","","","Mozilla/5.0 (Windows NT 10.0; Win64; x64) AppleWebKit/537.36 (KHTML, like Gecko) Chrome/95.0.4638.69 Safari/537.36 Edg/95.0.1020.53","false","Chrome","yes","","&quot;&quot;","","50","2021-11-15T14:49:05.000Z",312727,"4376","group_4","5.841121495327103",343269,"864","1536","25","de","DE","session_4",1,"2021-11-15T13:36:54.000Z","182","17","","Windows-PC","20.2 ms","121.9 ms",true,"95.0.4638.69 Safari/537.36 Edg/95.0.1020.53","864","1536"
6,"tasks (4,5,3,1,2)",6,"5. Blink Detect","3","4","","","","","","","""times=1636984832571;1636984833952;1636984835391;1636984836861;1636984838516;1636984839961;1636984841490;1636984843081---values=;1379;2818;4288;5943;7388;8917;10508""","""times=1636984832571;1636984834116;1636984835580;1636984837038;1636984838699;1636984840141;1636984841661;1636984843260---values=;1543;3007;4465;6126;7568;9088;10687""","blockNr_6_taskNr_6_trialNr_3_BlinkRec.webm","","","","","","","","","","","","","1","","","","","","0","","","","","","","","","","","1636984845634","1636984832573","","","","","","","""times=1636984832571;1636984834118;1636984835584;1636984837040;1636984838700;1636984840143;1636984841662;1636984845273---values=1;2;3;4;5;6;7;8""","","","","","","","","""times=1636984832571;1636984832576;1636984834116;1636984835581;1636984837039;1636984838699;1636984840141;1636984841661---values=;1373.098851553007;1266.2516145501697;1276.9094294270276;1473.1708864755137;1255.2190178509493;1346.5678126192229;1411.658524335236""","","","","","","","","","""times=1636984832571;1636984832576;1636984834116;1636984835581;1636984837038;1636984838699;1636984840141;1636984841661---values=;0.43274712888251776;0.16562903637542448;0.19227357356756913;0.682927216188784;0.138047544627373;0.3664195315480574;0.5291463108380898""","","","","2","12700","","","","","","","","","","","","","","false","","","","","Mozilla/5.0 (Windows NT 10.0; Win64; x64) AppleWebKit/537.36 (KHTML, like Gecko) Chrome/95.0.4638.69 Safari/537.36 Edg/95.0.1020.53","false","Chrome","yes","","&quot;&quot;","","50","2021-11-15T14:49:05.000Z",312727,"4376","group_4","5.841121495327103",343269,"864","1536","25","de","DE","session_4",1,"2021-11-15T13:36:54.000Z","182","17","","Windows-PC","20.2 ms","121.9 ms",true,"95.0.4638.69 Safari/537.36 Edg/95.0.1020.53","864","1536"
6,"tasks (4,5,3,1,2)",6,"5. Blink Detect","4","1","","","","","","","""times=1636984845643;1636984846938;1636984848653;1636984850191;1636984851590;1636984853163;1636984854791;1636984856341---values=;1293;3008;4546;5945;7518;9146;10696""","""times=1636984845643;1636984847125;1636984848840;1636984850356;1636984851760;1636984853334;1636984854960;1636984856514---values=;1480;3195;4711;6115;7689;9315;10869""","blockNr_6_taskNr_6_trialNr_4_BlinkRec.webm","","","","","","","","","","","","","1","","","","","","0","","","","","","","","","","","1636984858963","1636984845645","","","","","","","""times=1636984845642;1636984847126;1636984848842;1636984850358;1636984851762;1636984853336;1636984854962;1636984858529---values=1;2;3;4;5;6;7;8""","","","","","","","","""times=1636984845642;1636984845646;1636984847125;1636984848840;1636984850356;1636984851760;1636984853334;1636984854960---values=;1291.6496694291905;1525.7477968867902;1345.1583738144427;1229.3537911647454;1400.5192187577302;1451.906929098475;1371.0023068098394""","","","","","","","","","""times=1636984845642;1636984845646;1636984847125;1636984848840;1636984850356;1636984851760;1636984853334;1636984854960---values=;0.22912417357297632;0.8143694922169757;0.3628959345361069;0.07338447791186375;0.5012980468943253;0.6297673227461875;0.4275057670245983""","","","","1","12884","","","","","","","","","","","","","","false","","","","","Mozilla/5.0 (Windows NT 10.0; Win64; x64) AppleWebKit/537.36 (KHTML, like Gecko) Chrome/95.0.4638.69 Safari/537.36 Edg/95.0.1020.53","false","Chrome","yes","","&quot;&quot;","","50","2021-11-15T14:49:05.000Z",312727,"4376","group_4","5.841121495327103",343269,"864","1536","25","de","DE","session_4",1,"2021-11-15T13:36:54.000Z","182","17","","Windows-PC","20.2 ms","121.9 ms",true,"95.0.4638.69 Safari/537.36 Edg/95.0.1020.53","864","1536"
6,"tasks (4,5,3,1,2)",6,"5. Blink Detect","5","3","","","","","","","""times=1636984858973;1636984860521;1636984862114;1636984863741;1636984865441;1636984866863;1636984868446;1636984870007---values=;1546;3139;4766;6466;7888;9471;11032""","""times=1636984858973;1636984860696;1636984862296;1636984863919;1636984865618;1636984867036;1636984868620;1636984870176---values=;1721;3321;4944;6643;8061;9645;11201""","blockNr_6_taskNr_6_trialNr_5_BlinkRec.webm","","","","","","","","","","","","","1","","","","","","0","","","","","","","","","","","1636984872607","1636984858975","","","","","","","""times=1636984858971;1636984860697;1636984862297;1636984863921;1636984865619;1636984867037;1636984868622;1636984872186---values=1;2;3;4;5;6;7;8""","","","","","","","","""times=1636984858971;1636984858976;1636984860696;1636984862296;1636984863919;1636984865618;1636984867036;1636984868620---values=;1542.0277160918854;1415.8130760380038;1437.0098485295657;1511.9742799729997;1239.027895216761;1402.1540817244675;1378.772064287452""","","","","","","","","","""times=1636984858971;1636984858976;1636984860696;1636984862296;1636984863919;1636984865618;1636984867036;1636984868620---values=;0.8550692902297137;0.5395326900950095;0.5925246213239141;0.7799356999324993;0.09756973804190205;0.5053852043111688;0.44693016071863""","","","","1","13211","","","","","","","","","","","","","","false","","","","","Mozilla/5.0 (Windows NT 10.0; Win64; x64) AppleWebKit/537.36 (KHTML, like Gecko) Chrome/95.0.4638.69 Safari/537.36 Edg/95.0.1020.53","false","Chrome","yes","","&quot;&quot;","","50","2021-11-15T14:49:05.000Z",312727,"4376","group_4","5.841121495327103",343269,"864","1536","25","de","DE","session_4",1,"2021-11-15T13:36:54.000Z","182","17","","Windows-PC","20.2 ms","121.9 ms",true,"95.0.4638.69 Safari/537.36 Edg/95.0.1020.53","864","1536"
6,"tasks (4,5,3,1,2)",5,"ex_Blink Detect","1","1","","","","","","","","","","","","1","","","","","","","","","","1","","","","","","","","","","","","","","","","","","","","","","","","","","","","","","","","","","","","","","","","","","","","","","","","","","","","","","","","","","","","","false","","","","","Mozilla/5.0 (Windows NT 10.0; Win64; x64) AppleWebKit/537.36 (KHTML, like Gecko) Chrome/95.0.4638.69 Safari/537.36 Edg/95.0.1020.53","false","Chrome","yes","","&quot;&quot;","","50","2021-11-15T14:49:05.000Z",312727,"4376","group_4","5.841121495327103",343269,"864","1536","25","de","DE","session_4",1,"2021-11-15T13:36:54.000Z","182","17","","Windows-PC","20.2 ms","121.9 ms",true,"95.0.4638.69 Safari/537.36 Edg/95.0.1020.53","864","1536"
6,"tasks (4,5,3,1,2)",4,"5. Blink_instructions","1","1","","","","","","","","","","","","","","","","","","","","","","1","","","","","","","","","","","","","","","","","","","","","","","","","","","","","","","","","","","","","","","","","","","","","","","","","","","","","","","","","","","","","","","","","","Mozilla/5.0 (Windows NT 10.0; Win64; x64) AppleWebKit/537.36 (KHTML, like Gecko) Chrome/95.0.4638.69 Safari/537.36 Edg/95.0.1020.53","false","Chrome","yes","","&quot;&quot;","","50","2021-11-15T14:49:05.000Z",312727,"4376","group_4","5.841121495327103",343269,"864","1536","25","de","DE","session_4",1,"2021-11-15T13:36:54.000Z","182","17","","Windows-PC","20.2 ms","121.9 ms",true,"95.0.4638.69 Safari/537.36 Edg/95.0.1020.53","864","1536"
6,"tasks (4,5,3,1,2)",3,"4. Zone Classification","1","3","","","","","","","","","","","","","","","","","","","","","","1","","","","","","0","","","","","","","","","","","1636984530886","1636984501105","","","","","","","","18","","","","","","","","","","","""times=1636984502618;1636984504334;1636984506034;1636984507734;1636984509434;1636984511151;1636984512866;1636984514566;1636984516283;1636984517968;1636984519683;1636984521382;1636984523099;1636984524799;1636984526499;1636984528199;1636984529916---values=1517;3233;4933;6633;8333;10050;11765;13465;15182;16867;18582;20281;21998;23698;25398;27098;28815""","""times=1636984502835;1636984504535;1636984506235;1636984507936;1636984509651;1636984511367;1636984513067;1636984514778;1636984516484;1636984518183;1636984519883;1636984521583;1636984523299;1636984524999;1636984526699;1636984528411---values=1734;3434;5134;6835;8550;10266;11966;13677;15383;17082;18782;20482;22198;23898;25598;27310""","","","","","","","blockNr_6_taskNr_3_trialNr_1_recordZone.webm","5","28805","","","","9;3;8;7;5;14;11;16;2;13;10;6;15;4;12;1","","","","","","","","","","false","","","","","Mozilla/5.0 (Windows NT 10.0; Win64; x64) AppleWebKit/537.36 (KHTML, like Gecko) Chrome/95.0.4638.69 Safari/537.36 Edg/95.0.1020.53","false","Chrome","yes","","&quot;&quot;","","50","2021-11-15T14:49:05.000Z",312727,"4376","group_4","5.841121495327103",343269,"864","1536","25","de","DE","session_4",1,"2021-11-15T13:36:54.000Z","182","17","","Windows-PC","20.2 ms","121.9 ms",true,"95.0.4638.69 Safari/537.36 Edg/95.0.1020.53","864","1536"
6,"tasks (4,5,3,1,2)",3,"4. Zone Classification","2","1","","","","","","","","","","","","","","","","","","","","","","1","","","","","","0","","","","","","","","","","","1636984560366","1636984530899","","","","","","","","18","","","","","","","","","","","""times=1636984530896;1636984532414;1636984534131;1636984535831;1636984537530;1636984539230;1636984540931;1636984542646;1636984544347;1636984546046;1636984547746;1636984549446;1636984551164;1636984552864;1636984554562;1636984556262;1636984557978;1636984559680---values=;1516;3233;4933;6632;8332;10033;11748;13449;15148;16848;18548;20266;21966;23664;25364;27080;28782""","""times=1636984530896;1636984532615;1636984534332;1636984536031;1636984537731;1636984539432;1636984541133;1636984542847;1636984544547;1636984546247;1636984547946;1636984549663;1636984551363;1636984553065;1636984554765;1636984556464;1636984558179---values=;1717;3434;5133;6833;8534;10235;11949;13649;15349;17048;18765;20465;22167;23867;25566;27281""","","","","","","","blockNr_6_taskNr_3_trialNr_2_recordZone.webm","2","28771","","","","14;16;2;1;8;5;4;15;13;7;9;6;12;3;11;10","","","","","","","","","","false","","","","","Mozilla/5.0 (Windows NT 10.0; Win64; x64) AppleWebKit/537.36 (KHTML, like Gecko) Chrome/95.0.4638.69 Safari/537.36 Edg/95.0.1020.53","false","Chrome","yes","","&quot;&quot;","","50","2021-11-15T14:49:05.000Z",312727,"4376","group_4","5.841121495327103",343269,"864","1536","25","de","DE","session_4",1,"2021-11-15T13:36:54.000Z","182","17","","Windows-PC","20.2 ms","121.9 ms",true,"95.0.4638.69 Safari/537.36 Edg/95.0.1020.53","864","1536"
6,"tasks (4,5,3,1,2)",3,"4. Zone Classification","3","5","","","","","","","","","","","","","","","","","","","","","","1","","","","","","0","","","","","","","","","","","1636984589848","1636984560390","","","","","","","","18","","","","","","","","","","","""times=1636984560381;1636984561897;1636984563611;1636984565311;1636984567028;1636984568727;1636984570427;1636984572127;1636984573827;1636984575543;1636984577243;1636984578953;1636984580643;1636984582343;1636984584042;1636984585744;1636984587458;1636984589167---values=;1511;3225;4925;6642;8341;10041;11741;13441;15157;16857;18567;20257;21957;23656;25358;27072;28781""","""times=1636984560381;1636984562112;1636984563812;1636984565528;1636984567228;1636984568928;1636984570628;1636984572345;1636984574044;1636984575744;1636984577446;1636984579143;1636984580844;1636984582543;1636984584260;1636984585960;1636984587659---values=;1726;3426;5142;6842;8542;10242;11959;13658;15358;17060;18757;20458;22157;23874;25574;27273""","","","","","","","blockNr_6_taskNr_3_trialNr_3_recordZone.webm","6","28774","","","","5;2;11;12;13;16;1;15;14;9;3;10;7;4;6;8","","","","","","","","","","false","","","","","Mozilla/5.0 (Windows NT 10.0; Win64; x64) AppleWebKit/537.36 (KHTML, like Gecko) Chrome/95.0.4638.69 Safari/537.36 Edg/95.0.1020.53","false","Chrome","yes","","&quot;&quot;","","50","2021-11-15T14:49:05.000Z",312727,"4376","group_4","5.841121495327103",343269,"864","1536","25","de","DE","session_4",1,"2021-11-15T13:36:54.000Z","182","17","","Windows-PC","20.2 ms","121.9 ms",true,"95.0.4638.69 Safari/537.36 Edg/95.0.1020.53","864","1536"
6,"tasks (4,5,3,1,2)",3,"4. Zone Classification","4","2","","","","","","","","","","","","","","","","","","","","","","1","","","","","","0","","","","","","","","","","","1636984619409","1636984589862","","","","","","","","18","","","","","","","","","","","""times=1636984589859;1636984591376;1636984593091;1636984594792;1636984596508;1636984598208;1636984599908;1636984601607;1636984603324;1636984605023;1636984606724;1636984608440;1636984610139;1636984611839;1636984613556;1636984615256;1636984616956;1636984618672---values=;1515;3230;4931;6647;8347;10047;11746;13463;15162;16862;18579;20278;21978;23695;25395;27095;28811""","""times=1636984589859;1636984591593;1636984593292;1636984595009;1636984596708;1636984598408;1636984600108;1636984601809;1636984603524;1636984605225;1636984606926;1636984608641;1636984610340;1636984612040;1636984613767;1636984615456;1636984617173---values=;1732;3431;5148;6847;8547;10247;11948;13663;15364;17065;18779;20479;22179;23906;25595;27312""","","","","","","","blockNr_6_taskNr_3_trialNr_4_recordZone.webm","2","28799","","","","6;9;11;4;3;1;12;10;16;13;2;14;15;7;8;5","","","","","","","","","","false","","","","","Mozilla/5.0 (Windows NT 10.0; Win64; x64) AppleWebKit/537.36 (KHTML, like Gecko) Chrome/95.0.4638.69 Safari/537.36 Edg/95.0.1020.53","false","Chrome","yes","","&quot;&quot;","","50","2021-11-15T14:49:05.000Z",312727,"4376","group_4","5.841121495327103",343269,"864","1536","25","de","DE","session_4",1,"2021-11-15T13:36:54.000Z","182","17","","Windows-PC","20.2 ms","121.9 ms",true,"95.0.4638.69 Safari/537.36 Edg/95.0.1020.53","864","1536"
6,"tasks (4,5,3,1,2)",3,"4. Zone Classification","5","4","","","","","","","","","","","","","","","","","","","","","","1","","","","","","0","","","","","","","","","","","1636984648954","1636984619424","","","","","","","","18","","","","","","","","","","","""times=1636984619419;1636984620939;1636984622639;1636984624355;1636984626055;1636984627755;1636984629472;1636984631171;1636984632871;1636984634571;1636984636288;1636984637987;1636984639687;1636984641387;1636984643087;1636984644803;1636984646503;1636984648218---values=;1516;3216;4932;6632;8332;10049;11748;13448;15148;16865;18564;20264;21964;23664;25380;27080;28795""","""times=1636984619419;1636984621142;1636984622856;1636984624556;1636984626256;1636984627973;1636984629672;1636984631389;1636984633089;1636984634772;1636984636488;1636984638188;1636984639888;1636984641604;1636984643304;1636984645021;1636984646720---values=;1719;3433;5133;6833;8549;10249;11965;13666;15349;17065;18765;20465;22181;23881;25597;27297""","","","","","","","blockNr_6_taskNr_3_trialNr_5_recordZone.webm","2","28790","","","","14;10;6;16;3;7;1;4;11;9;15;5;2;13;8;12","","","","","","","","","","false","","","","","Mozilla/5.0 (Windows NT 10.0; Win64; x64) AppleWebKit/537.36 (KHTML, like Gecko) Chrome/95.0.4638.69 Safari/537.36 Edg/95.0.1020.53","false","Chrome","yes","","&quot;&quot;","","50","2021-11-15T14:49:05.000Z",312727,"4376","group_4","5.841121495327103",343269,"864","1536","25","de","DE","session_4",1,"2021-11-15T13:36:54.000Z","182","17","","Windows-PC","20.2 ms","121.9 ms",true,"95.0.4638.69 Safari/537.36 Edg/95.0.1020.53","864","1536"
6,"tasks (4,5,3,1,2)",2,"ex_Zone Classification","1","1","","","","","","","","","","","","1","","","","","","","","","","1","","14;2;7;9;16;6;12;8;4;10;11;3;13;1;15;5","","","","","","","","","","","","","","","","","","","","","","","","1","","","","","","","","","","","","","","","","","","","","","","","","","1;2;3;4;5;6;7;8;9;10;11;12;13;14;15;16","","","","","","","","","","false","","","","","Mozilla/5.0 (Windows NT 10.0; Win64; x64) AppleWebKit/537.36 (KHTML, like Gecko) Chrome/95.0.4638.69 Safari/537.36 Edg/95.0.1020.53","false","Chrome","yes","","&quot;&quot;","","50","2021-11-15T14:49:05.000Z",312727,"4376","group_4","5.841121495327103",343269,"864","1536","25","de","DE","session_4",1,"2021-11-15T13:36:54.000Z","182","17","","Windows-PC","20.2 ms","121.9 ms",true,"95.0.4638.69 Safari/537.36 Edg/95.0.1020.53","864","1536"
6,"tasks (4,5,3,1,2)",1,"4. zone_Instructions","1","1","","","","","","","","","","","","","","","","","","","","","","1","","","","","","","","","","","","","","","","","","","","","","","","","","","","","","","","","","","","","","","","","","","","","","","","","","","","","","","","","","","","","","","","","","Mozilla/5.0 (Windows NT 10.0; Win64; x64) AppleWebKit/537.36 (KHTML, like Gecko) Chrome/95.0.4638.69 Safari/537.36 Edg/95.0.1020.53","false","Chrome","yes","","&quot;&quot;","","50","2021-11-15T14:49:05.000Z",312727,"4376","group_4","5.841121495327103",343269,"864","1536","25","de","DE","session_4",1,"2021-11-15T13:36:54.000Z","182","17","","Windows-PC","20.2 ms","121.9 ms",true,"95.0.4638.69 Safari/537.36 Edg/95.0.1020.53","864","1536"
4,"SP_calibration",3,"SP_calib","1","1","","","","","","","","","","blockNr_4_taskNr_3_trialNr_1_calib_sp_record.webm","","","","","","","","","","","","1","","","","","","0","","","","","","","","","","","","1","","","","","","","","","","","","","""times=1636984231065---values=true""","","","","","","","","","","","","282169","","","","","","","","","","""times=1636984231067;1636984231096;1636984231129;1636984231163;1636984231186;1636984231219;1636984231247;1636984231282;1636984231310;1636984231337;1636984231374;1636984231397;1636984231430;1636984231462;1636984231486;1636984231516;1636984231547;1636984231576;1636984231612;1636984231644;1636984231672;1636984231697;1636984231730;1636984231761;1636984231786;1636984231819;1636984231846;1636984231876;1636984231906;1636984231944;1636984231973;1636984231996;1636984232030;1636984232059;1636984232088;1636984232123;1636984232146;1636984232180;1636984232213;1636984232241;1636984232270;1636984232296;1636984232327;1636984232362;1636984232386;1636984232425;1636984232447;1636984232478;1636984232506;1636984232538;1636984232570;1636984232597;1636984232627;1636984232656;1636984232688;1636984232722;1636984232746;1636984232779;1636984232806;1636984232839;1636984232874;1636984232896;1636984232927;1636984232957;1636984232988;1636984233022;1636984233046;1636984233079;1636984233112;1636984233138;1636984233167;1636984233196;1636984233229;1636984233260;1636984233288;1636984233325;1636984233346;1636984233378;1636984233414;1636984233440;1636984233472;1636984233496;1636984233527;1636984233563;1636984233589;1636984233618;1636984233648;1636984233680;1636984233706;1636984233739;1636984233772;1636984233796;1636984233827;1636984233856;1636984233889;1636984233917;1636984233946;1636984233979;1636984234012;1636984234040;1636984234073;1636984234106;1636984234128;1636984234156;1636984234189;1636984234218;1636984234251;1636984234280;1636984234313;1636984234338;1636984234370;1636984234396;1636984234427;1636984234457;1636984234486;1636984234517;1636984234546;1636984234578;1636984234612;1636984234640;1636984234668;1636984234696;1636984234729;1636984234758;1636984234791;1636984234817;1636984234846;1636984234878;1636984234906;1636984234939;1636984234972;1636984234996;1636984235027;1636984235062;1636984235090;1636984235122;1636984235146;1636984235179;1636984235212;1636984235237;1636984235269;1636984235296;1636984235330;1636984235363;1636984235390;1636984235423;1636984235447;1636984235479;1636984235507;1636984235538;1636984235573;1636984235596;1636984235627;1636984235660;1636984235687;1636984235722;1636984235746;1636984235779;1636984235806;1636984235839;1636984235873;1636984235905;1636984235929;1636984235961;1636984235989;1636984236022;1636984236046;1636984236079;1636984236111;1636984236136;1636984236168;1636984236196;1636984236227;1636984236260;1636984236289;1636984236319;1636984236346;1636984236379;1636984236412;1636984236436;1636984236466;1636984236497;1636984236527;1636984236556;1636984236593;1636984236622;1636984236647;1636984236676;1636984236712;1636984236738;1636984236768;1636984236796;1636984236827;1636984236857;1636984236890;1636984236923;1636984236955;1636984236978;1636984237008;1636984237039;1636984237066;1636984237096;1636984237129;1636984237160;1636984237190;1636984237216;1636984237246;1636984237279;1636984237312;1636984237341;1636984237373;1636984237396;1636984237427;1636984237457;1636984237489;1636984237522;1636984237547;1636984237579;1636984237609;1636984237645;1636984237670;1636984237697;1636984237727;1636984237755;1636984237789;1636984237822;1636984237846;1636984237878;1636984237912;1636984237938;1636984237971;1636984237996;1636984238029;1636984238059;1636984238089;1636984238122;1636984238146;1636984238177;1636984238210;1636984238242;1636984238271;1636984238301;1636984238326;1636984238362;1636984238390;1636984238425;1636984238448;1636984238476;1636984238510;1636984238541;1636984238573;1636984238595;1636984238627;1636984238658;1636984238689;1636984238725;1636984238754;1636984238779;1636984238812;1636984243036;1636984243067;1636984243098;1636984243128;1636984243156;1636984243186;1636984243220;1636984243251;1636984243276;1636984243308;1636984243340;1636984243367;1636984243397;1636984243426;1636984243457;1636984243488;1636984243524;1636984243556;1636984243578;1636984243606;1636984243639;1636984243671;1636984243698;1636984243728;1636984243759;1636984243785;1636984243816;1636984243846;1636984243876;1636984243909;1636984243944;1636984243972;1636984243996;1636984244028;1636984244061;1636984244086;1636984244121;1636984244146;1636984244178;1636984244209;1636984244237;1636984244271;1636984244304;1636984244328;1636984244361;1636984244386;1636984244419;1636984244452;1636984244479;1636984244510;1636984244538;1636984244570;1636984244597;1636984244626;1636984244656;1636984244688;1636984244720;1636984244753;1636984244777;1636984244811;1636984244841;1636984244874;1636984244896;1636984244929;1636984244959;1636984244987;1636984245016;1636984245055;1636984245076;1636984245111;1636984245139;1636984245169;1636984245205;1636984245228;1636984245260;1636984245294;1636984245317;1636984245347;1636984245376;1636984245411;1636984245444;1636984245475;1636984245505;1636984245528;1636984245561;1636984245586;1636984245617;1636984245658;1636984245678;1636984245710;1636984245737;1636984245770;1636984245804;1636984245827;1636984245861;1636984245888;1636984245919;1636984245950;1636984245976;1636984246011;1636984246038;1636984246072;1636984246105;1636984246128;1636984246161;1636984246189;1636984246219;1636984246250;1636984246277;1636984246308;1636984246338;1636984246373;1636984246400;1636984246427;1636984246460;1636984246494;1636984246520;1636984246556;1636984246576;1636984246610;1636984246639;1636984246668;1636984246699;1636984246728;1636984246761;1636984246794;1636984246817;1636984246849;1636984246879;1636984246908;1636984246940;1636984246967;1636984247003;1636984247026;1636984247055;1636984247088;1636984247121;1636984247156;1636984247179;1636984247210;1636984247240;1636984247272;1636984247305;1636984247328;1636984247361;1636984247394;1636984247422;1636984247446;1636984247478;1636984247507;1636984247539;1636984247571;1636984247604;1636984247629;1636984247659;1636984247689;1636984247716;1636984247755;1636984247778;1636984247811;1636984247838;1636984247871;1636984247904;1636984247928;1636984247961;1636984247987;1636984248017;1636984248050;1636984248078;1636984248109;1636984248138;1636984248171;1636984248205;1636984248228;1636984248259;1636984248288;1636984248319;1636984248346;1636984248378;1636984248411;1636984248437;1636984248472;1636984248505;1636984248526;1636984248556;1636984248590;1636984248623;1636984248654;1636984248677;1636984248707;1636984248744;1636984248769;1636984248801;1636984248827;1636984248861;1636984248894;1636984248917;1636984248945;1636984248978;1636984249009;1636984249038;1636984249071;1636984249103;1636984249128;1636984249161;1636984249194;1636984249225;1636984249252;1636984249277;1636984249311;1636984249337;1636984249374;1636984249404;1636984249428;1636984249459;1636984249489;1636984249521;1636984249554;1636984249578;1636984249610;1636984249642;1636984249666;1636984249705;1636984249728;1636984249760;1636984249788;1636984249825;1636984249854;1636984249877;1636984249911;1636984249938;1636984249970;1636984250005;1636984250028;1636984250061;1636984250086;1636984250121;1636984250151;1636984250179;1636984250209;1636984250237;1636984250270;1636984250300;1636984250328;1636984250361;1636984250388;1636984250420;1636984250447;1636984250477;1636984250511;1636984250540;1636984250571;1636984250605;1636984250628;1636984250659;1636984250687;1636984250721;1636984250754;1636984250778;1636984250811---values=160;165;170;175;180;185;190;195;200;205;210;215;220;225;230;235;240;245;250;255;260;265;270;275;280;285;290;295;300;305;310;315;320;325;330;335;340;345;350;355;360;365;370;375;380;385;390;395;400;405;410;415;420;425;430;435;440;445;450;455;460;465;470;475;480;485;490;495;500;505;510;515;520;525;530;535;540;545;550;555;560;565;570;575;580;585;590;595;600;605;610;615;620;625;630;635;640;645;650;655;660;665;670;675;680;685;690;695;700;705;710;715;720;725;730;735;740;745;750;755;760;765;770;775;780;785;790;795;800;805;810;815;820;825;830;835;840;845;850;855;860;865;870;875;880;885;890;895;900;905;910;915;920;925;930;935;940;945;950;955;960;965;970;975;980;985;990;995;1000;1005;1010;1015;1020;1025;1030;1035;1040;1045;1050;1055;1060;1065;1070;1075;1080;1085;1090;1095;1100;1105;1110;1115;1120;1125;1130;1135;1140;1145;1150;1155;1160;1165;1170;1175;1180;1185;1190;1195;1200;1205;1210;1215;1220;1225;1230;1235;1240;1245;1250;1255;1260;1265;1270;1275;1280;1285;1290;1295;1300;1305;1310;1315;1320;1325;1330;1335;1340;1345;1350;1355;1360;1365;1370;1375;1380;1385;1390;1395;1400;1405;1410;1415;1420;1425;1430;1435;1440;1445;1450;1445;1440;1435;1430;1425;1420;1415;1410;1405;1400;1395;1390;1385;1380;1375;1370;1365;1360;1355;1350;1345;1340;1335;1330;1325;1320;1315;1310;1305;1300;1295;1290;1285;1280;1275;1270;1265;1260;1255;1250;1245;1240;1235;1230;1225;1220;1215;1210;1205;1200;1195;1190;1185;1180;1175;1170;1165;1160;1155;1150;1145;1140;1135;1130;1125;1120;1115;1110;1105;1100;1095;1090;1085;1080;1075;1070;1065;1060;1055;1050;1045;1040;1035;1030;1025;1020;1015;1010;1005;1000;995;990;985;980;975;970;965;960;955;950;945;940;935;930;925;920;915;910;905;900;895;890;885;880;875;870;865;860;855;850;845;840;835;830;825;820;815;810;805;800;795;790;785;780;775;770;765;760;755;750;745;740;735;730;725;720;715;710;705;700;695;690;685;680;675;670;665;660;655;650;645;640;635;630;625;620;615;610;605;600;595;590;585;580;575;570;565;560;555;550;545;540;535;530;525;520;515;510;505;500;495;490;485;480;475;470;465;460;455;450;445;440;435;430;425;420;415;410;405;400;395;390;385;380;375;370;365;360;355;350;345;340;335;330;325;320;315;310;305;300;295;290;285;280;275;270;265;260;255;250;245;240;235;230;225;220;215;210;205;200;195;190;185;180;175;170;165;160;155;150""","""times=1636984231069;1636984238837;1636984238868;1636984238896;1636984238926;1636984238962;1636984238988;1636984239022;1636984239054;1636984239077;1636984239112;1636984239137;1636984239169;1636984239196;1636984239227;1636984239256;1636984239288;1636984239322;1636984239346;1636984239379;1636984239409;1636984239438;1636984239466;1636984239496;1636984239529;1636984239560;1636984239592;1636984239622;1636984239646;1636984239677;1636984239712;1636984239740;1636984239776;1636984239798;1636984239829;1636984239858;1636984239889;1636984239923;1636984239955;1636984239979;1636984240007;1636984240037;1636984240066;1636984240096;1636984240128;1636984240162;1636984240189;1636984240224;1636984240255;1636984240277;1636984240312;1636984240335;1636984240372;1636984240395;1636984240427;1636984240461;1636984240489;1636984240522;1636984240545;1636984240579;1636984240607;1636984240640;1636984240671;1636984240697;1636984240726;1636984240760;1636984240786;1636984240822;1636984240846;1636984240878;1636984240908;1636984240941;1636984240975;1636984240996;1636984241028;1636984241057;1636984241090;1636984241120;1636984241152;1636984241179;1636984241209;1636984241236;1636984241277;1636984241296;1636984241329;1636984241358;1636984241389;1636984241424;1636984241446;1636984241479;1636984241512;1636984241541;1636984241572;1636984241609;1636984241629;1636984241663;1636984241691;1636984241722;1636984241746;1636984241778;1636984241807;1636984241838;1636984241872;1636984241895;1636984241928;1636984241961;1636984241986;1636984242018;1636984242050;1636984242077;1636984242112;1636984242137;1636984242174;1636984242196;1636984242228;1636984242262;1636984242290;1636984242319;1636984242349;1636984242376;1636984242408;1636984242441;1636984242470;1636984242505;1636984242527;1636984242561;1636984242588;1636984242624;1636984242656;1636984242678;1636984242709;1636984242738;1636984242771;1636984242805;1636984242828;1636984242859;1636984242889;1636984242923;1636984242954;1636984242978;1636984243008;1636984250837;1636984250866;1636984250897;1636984250930;1636984250956;1636984250989;1636984251017;1636984251054;1636984251079;1636984251107;1636984251143;1636984251170;1636984251201;1636984251225;1636984251261;1636984251290;1636984251321;1636984251354;1636984251378;1636984251409;1636984251438;1636984251473;1636984251504;1636984251528;1636984251556;1636984251588;1636984251625;1636984251656;1636984251677;1636984251710;1636984251740;1636984251769;1636984251799;1636984251828;1636984251861;1636984251887;1636984251920;1636984251954;1636984251978;1636984252011;1636984252044;1636984252067;1636984252098;1636984252128;1636984252158;1636984252187;1636984252217;1636984252248;1636984252277;1636984252310;1636984252339;1636984252368;1636984252403;1636984252427;1636984252458;1636984252489;1636984252518;1636984252555;1636984252578;1636984252611;1636984252640;1636984252670;1636984252703;1636984252728;1636984252761;1636984252787;1636984252816;1636984252854;1636984252877;1636984252911;1636984252944;1636984252969;1636984253005;1636984253029;1636984253057;1636984253087;1636984253120;1636984253147;1636984253178;1636984253210;1636984253244;1636984253266;1636984253297;1636984253328;1636984253358;1636984253386;1636984253421;1636984253454;1636984253478;1636984253509;1636984253541;1636984253570;1636984253604;1636984253627;1636984253656;1636984253689;1636984253720;1636984253754;1636984253777;1636984253809;1636984253842;1636984253866;1636984253903;1636984253927;1636984253961;1636984253993;1636984254020;1636984254046;1636984254077;1636984254109;1636984254142;1636984254174;1636984254203;1636984254228;1636984254257;1636984254287;1636984254319;1636984254353;1636984254377;1636984254410;1636984254444;1636984254478;1636984254501;1636984254526;1636984254560;1636984254591;1636984254621;1636984254655;1636984254678;1636984254710;1636984254736;1636984254771;1636984254801;1636984254828;1636984254858;1636984254889;1636984254923;1636984254955;1636984254978;1636984255009---values=100;105;110;115;120;125;130;135;140;145;150;155;160;165;170;175;180;185;190;195;200;205;210;215;220;225;230;235;240;245;250;255;260;265;270;275;280;285;290;295;300;305;310;315;320;325;330;335;340;345;350;355;360;365;370;375;380;385;390;395;400;405;410;415;420;425;430;435;440;445;450;455;460;465;470;475;480;485;490;495;500;505;510;515;520;525;530;535;540;545;550;555;560;565;570;575;580;585;590;595;600;605;610;615;620;625;630;635;640;645;650;655;660;665;670;675;680;685;690;695;700;705;710;715;720;725;730;735;740;745;750;755;760;765;770;775;780;785;790;795;800;795;790;785;780;775;770;765;760;755;750;745;740;735;730;725;720;715;710;705;700;695;690;685;680;675;670;665;660;655;650;645;640;635;630;625;620;615;610;605;600;595;590;585;580;575;570;565;560;555;550;545;540;535;530;525;520;515;510;505;500;495;490;485;480;475;470;465;460;455;450;445;440;435;430;425;420;415;410;405;400;395;390;385;380;375;370;365;360;355;350;345;340;335;330;325;320;315;310;305;300;295;290;285;280;275;270;265;260;255;250;245;240;235;230;225;220;215;210;205;200;195;190;185;180;175;170;165;160;155;150;145;140;135;130;125;120;115;110;105;100""","","","","","","""times=1636984231079;1636984231099;1636984231134;1636984231166;1636984231197;1636984231230;1636984231264;1636984231297;1636984231315;1636984231347;1636984231380;1636984231412;1636984231447;1636984231465;1636984231497;1636984231529;1636984231554;1636984231580;1636984231617;1636984231649;1636984231680;1636984231713;1636984231747;1636984231764;1636984231797;1636984231830;1636984231863;1636984231880;1636984231913;1636984231948;1636984231980;1636984232003;1636984232033;1636984232063;1636984232097;1636984232130;1636984232163;1636984232197;1636984232230;1636984232246;1636984232280;1636984232313;1636984232331;1636984232365;1636984232397;1636984232431;1636984232464;1636984232484;1636984232513;1636984232549;1636984232580;1636984232614;1636984232632;1636984232663;1636984232696;1636984232730;1636984232763;1636984232785;1636984232813;1636984232849;1636984232881;1636984232914;1636984232931;1636984232963;1636984232997;1636984233030;1636984233049;1636984233083;1636984233115;1636984233147;1636984233180;1636984233214;1636984233232;1636984233264;1636984233297;1636984233330;1636984233364;1636984233381;1636984233417;1636984233447;1636984233480;1636984233513;1636984233532;1636984233566;1636984233596;1636984233630;1636984233663;1636984233685;1636984233713;1636984233747;1636984233780;1636984233813;1636984233832;1636984233863;1636984233897;1636984233930;1636984233964;1636984233982;1636984234016;1636984234047;1636984234081;1636984234113;1636984234132;1636984234163;1636984234196;1636984234230;1636984234263;1636984234297;1636984234330;1636984234346;1636984234380;1636984234413;1636984234432;1636984234463;1636984234497;1636984234530;1636984234563;1636984234582;1636984234615;1636984234646;1636984234680;1636984234713;1636984234732;1636984234763;1636984234796;1636984234830;1636984234863;1636984234885;1636984234913;1636984234947;1636984234980;1636984235014;1636984235031;1636984235065;1636984235097;1636984235130;1636984235150;1636984235183;1636984235215;1636984235246;1636984235280;1636984235313;1636984235346;1636984235367;1636984235396;1636984235430;1636984235463;1636984235496;1636984235513;1636984235547;1636984235580;1636984235613;1636984235647;1636984235668;1636984235697;1636984235730;1636984235763;1636984235783;1636984235813;1636984235847;1636984235880;1636984235913;1636984235932;1636984235966;1636984235996;1636984236030;1636984236063;1636984236089;1636984236115;1636984236147;1636984236180;1636984236213;1636984236232;1636984236265;1636984236297;1636984236329;1636984236364;1636984236397;1636984236417;1636984236446;1636984236480;1636984236523;1636984236531;1636984236563;1636984236597;1636984236629;1636984236674;1636984236680;1636984236715;1636984236746;1636984236780;1636984236813;1636984236837;1636984236863;1636984236897;1636984236930;1636984236963;1636984236981;1636984237013;1636984237046;1636984237079;1636984237113;1636984237132;1636984237165;1636984237197;1636984237229;1636984237263;1636984237296;1636984237316;1636984237346;1636984237379;1636984237413;1636984237431;1636984237463;1636984237496;1636984237530;1636984237563;1636984237584;1636984237613;1636984237649;1636984237680;1636984237713;1636984237733;1636984237763;1636984237796;1636984237830;1636984237863;1636984237883;1636984237917;1636984237946;1636984237980;1636984238013;1636984238046;1636984238064;1636984238097;1636984238130;1636984238163;1636984238181;1636984238214;1636984238246;1636984238280;1636984238313;1636984238331;1636984238365;1636984238396;1636984238431;1636984238467;1636984238480;1636984238515;1636984238546;1636984238579;1636984238613;1636984238631;1636984238663;1636984238696;1636984238730;1636984238763;1636984238796;1636984238816;1636984238846;1636984238880;1636984238913;1636984238932;1636984238966;1636984238996;1636984239029;1636984239062;1636984239081;1636984239115;1636984239146;1636984239179;1636984239213;1636984239232;1636984239263;1636984239297;1636984239331;1636984239363;1636984239383;1636984239413;1636984239446;1636984239480;1636984239513;1636984239546;1636984239564;1636984239596;1636984239629;1636984239663;1636984239681;1636984239717;1636984239748;1636984239781;1636984239813;1636984239846;1636984239863;1636984239896;1636984239929;1636984239963;1636984239996;1636984240013;1636984240047;1636984240080;1636984240113;1636984240135;1636984240168;1636984240196;1636984240231;1636984240263;1636984240282;1636984240315;1636984240346;1636984240379;1636984240413;1636984240433;1636984240466;1636984240499;1636984240529;1636984240563;1636984240596;1636984240613;1636984240646;1636984240679;1636984240712;1636984240731;1636984240765;1636984240796;1636984240829;1636984240863;1636984240882;1636984240912;1636984240956;1636984240979;1636984241013;1636984241032;1636984241062;1636984241096;1636984241129;1636984241163;1636984241196;1636984241213;1636984241246;1636984241281;1636984241312;1636984241356;1636984241364;1636984241397;1636984241429;1636984241462;1636984241483;1636984241515;1636984241546;1636984241579;1636984241613;1636984241646;1636984241679;1636984241696;1636984241731;1636984241763;1636984241783;1636984241813;1636984241846;1636984241879;1636984241912;1636984241932;1636984241965;1636984241995;1636984242029;1636984242062;1636984242081;1636984242115;1636984242145;1636984242189;1636984242212;1636984242246;1636984242265;1636984242296;1636984242329;1636984242363;1636984242381;1636984242412;1636984242446;1636984242479;1636984242512;1636984242532;1636984242568;1636984242596;1636984242629;1636984242662;1636984242695;1636984242712;1636984242745;1636984242779;1636984242813;1636984242831;1636984242863;1636984242895;1636984242929;1636984242962;1636984242995;1636984243013;1636984243046;1636984243079;1636984243112;1636984243146;1636984243162;1636984243195;1636984243229;1636984243263;1636984243280;1636984243312;1636984243345;1636984243378;1636984243411;1636984243428;1636984243462;1636984243495;1636984243528;1636984243561;1636984243580;1636984243611;1636984243645;1636984243679;1636984243712;1636984243730;1636984243762;1636984243795;1636984243829;1636984243862;1636984243881;1636984243915;1636984243948;1636984243979;1636984244012;1636984244032;1636984244065;1636984244096;1636984244129;1636984244162;1636984244195;1636984244213;1636984244245;1636984244290;1636984244312;1636984244331;1636984244366;1636984244395;1636984244429;1636984244463;1636984244496;1636984244516;1636984244546;1636984244579;1636984244612;1636984244631;1636984244662;1636984244695;1636984244729;1636984244762;1636984244782;1636984244819;1636984244857;1636984244883;1636984244920;1636984244947;1636984244962;1636984244996;1636984245029;1636984245062;1636984245079;1636984245113;1636984245145;1636984245179;1636984245212;1636984245245;1636984245263;1636984245297;1636984245329;1636984245362;1636984245381;1636984245414;1636984245446;1636984245479;1636984245512;1636984245530;1636984245563;1636984245595;1636984245628;1636984245662;1636984245695;1636984245713;1636984245745;1636984245778;1636984245812;1636984245830;1636984245863;1636984245895;1636984245929;1636984245962;1636984245979;1636984246015;1636984246047;1636984246079;1636984246112;1636984246130;1636984246163;1636984246195;1636984246228;1636984246262;1636984246279;1636984246312;1636984246345;1636984246379;1636984246412;1636984246429;1636984246463;1636984246496;1636984246537;1636984246562;1636984246578;1636984246612;1636984246645;1636984246678;1636984246711;1636984246730;1636984246763;1636984246796;1636984246829;1636984246862;1636984246895;1636984246911;1636984246945;1636984246978;1636984247011;1636984247029;1636984247062;1636984247095;1636984247129;1636984247162;1636984247195;1636984247213;1636984247245;1636984247280;1636984247313;1636984247347;1636984247379;1636984247397;1636984247428;1636984247462;1636984247496;1636984247512;1636984247545;1636984247580;1636984247612;1636984247646;1636984247662;1636984247695;1636984247728;1636984247771;1636984247795;1636984247815;1636984247845;1636984247878;1636984247912;1636984247945;1636984247964;1636984247995;1636984248028;1636984248062;1636984248095;1636984248113;1636984248146;1636984248178;1636984248212;1636984248245;1636984248261;1636984248295;1636984248329;1636984248362;1636984248395;1636984248413;1636984248445;1636984248479;1636984248513;1636984248529;1636984248562;1636984248595;1636984248629;1636984248662;1636984248680;1636984248712;1636984248747;1636984248778;1636984248812;1636984248830;1636984248863;1636984248896;1636984248928;1636984248968;1636984248995;1636984249012;1636984249045;1636984249080;1636984249112;1636984249130;1636984249163;1636984249199;1636984249229;1636984249262;1636984249280;1636984249315;1636984249345;1636984249380;1636984249412;1636984249445;1636984249462;1636984249495;1636984249528;1636984249562;1636984249580;1636984249612;1636984249645;1636984249678;1636984249713;1636984249747;1636984249763;1636984249795;1636984249828;1636984249861;1636984249882;1636984249913;1636984249945;1636984249978;1636984250011;1636984250045;1636984250078;1636984250095;1636984250128;1636984250162;1636984250195;1636984250212;1636984250245;1636984250278;1636984250311;1636984250345;1636984250363;1636984250395;1636984250428;1636984250462;1636984250480;1636984250513;1636984250545;1636984250578;1636984250614;1636984250646;1636984250662;1636984250695;1636984250728;1636984250762;1636984250795;1636984250828;1636984250845;1636984250878;1636984250911;1636984250945;1636984250963;1636984250995;1636984251028;1636984251061;1636984251095;1636984251111;1636984251146;1636984251178;1636984251211;1636984251228;1636984251278;1636984251296;1636984251330;1636984251362;1636984251395;1636984251412;1636984251445;1636984251478;1636984251511;1636984251545;1636984251562;1636984251595;1636984251628;1636984251661;1636984251680;1636984251712;1636984251744;1636984251778;1636984251812;1636984251845;1636984251864;1636984251895;1636984251928;1636984251961;1636984251995;1636984252028;1636984252047;1636984252078;1636984252111;1636984252145;1636984252162;1636984252195;1636984252228;1636984252262;1636984252279;1636984252312;1636984252347;1636984252378;1636984252412;1636984252444;1636984252461;1636984252494;1636984252529;1636984252561;1636984252597;1636984252614;1636984252645;1636984252678;1636984252711;1636984252744;1636984252778;1636984252795;1636984252828;1636984252861;1636984252895;1636984252930;1636984252963;1636984252978;1636984253011;1636984253031;1636984253061;1636984253095;1636984253128;1636984253162;1636984253195;1636984253212;1636984253246;1636984253278;1636984253312;1636984253345;1636984253362;1636984253394;1636984253428;1636984253461;1636984253494;1636984253512;1636984253544;1636984253578;1636984253611;1636984253630;1636984253661;1636984253696;1636984253728;1636984253762;1636984253794;1636984253812;1636984253846;1636984253878;1636984253911;1636984253929;1636984253977;1636984253997;1636984254028;1636984254061;1636984254080;1636984254112;1636984254145;1636984254178;1636984254211;1636984254245;1636984254261;1636984254294;1636984254328;1636984254361;1636984254394;1636984254413;1636984254446;1636984254480;1636984254512;1636984254531;1636984254564;1636984254595;1636984254628;1636984254664;1636984254695;1636984254712;1636984254745;1636984254778;1636984254811;1636984254844;1636984254863;1636984254895;1636984254928;1636984254963;1636984254995;1636984255012---values=258203;258223;258258;258290;258321;258354;258388;258421;258439;258471;258504;258536;258571;258589;258621;258653;258678;258704;258741;258773;258804;258837;258871;258888;258921;258954;258987;259004;259037;259072;259104;259127;259157;259187;259221;259254;259287;259321;259354;259370;259404;259437;259455;259489;259520;259555;259588;259608;259637;259673;259704;259738;259756;259787;259820;259854;259887;259909;259937;259973;260005;260038;260055;260087;260121;260154;260173;260207;260239;260271;260304;260337;260356;260388;260421;260454;260487;260505;260541;260570;260604;260637;260656;260690;260720;260754;260787;260809;260837;260871;260904;260937;260956;260987;261021;261054;261088;261106;261140;261171;261205;261237;261256;261287;261320;261354;261387;261421;261454;261470;261504;261537;261556;261587;261621;261654;261687;261706;261739;261770;261804;261837;261856;261887;261920;261954;261987;262009;262037;262071;262104;262138;262155;262189;262221;262254;262274;262307;262339;262370;262404;262437;262470;262491;262520;262554;262587;262620;262637;262671;262703;262737;262770;262792;262821;262854;262887;262907;262937;262971;263004;263037;263056;263090;263120;263154;263187;263213;263239;263271;263304;263337;263356;263389;263421;263453;263488;263521;263541;263570;263604;263647;263655;263687;263721;263753;263798;263804;263839;263870;263904;263937;263961;263987;264021;264054;264087;264105;264137;264170;264203;264237;264256;264289;264321;264353;264387;264420;264440;264470;264503;264537;264555;264587;264620;264654;264687;264708;264737;264773;264804;264837;264857;264887;264920;264954;264987;265007;265041;265070;265104;265137;265170;265188;265221;265254;265287;265305;265338;265370;265404;265437;265455;265489;265520;265555;265591;265604;265639;265670;265703;265736;265755;265787;265820;265854;265887;265920;265940;265970;266004;266037;266056;266090;266120;266153;266186;266205;266239;266270;266303;266337;266356;266387;266421;266455;266487;266507;266537;266570;266604;266637;266670;266688;266720;266753;266787;266805;266841;266872;266905;266937;266970;266987;267020;267053;267087;267120;267136;267171;267204;267236;267259;267292;267320;267355;267387;267406;267439;267470;267503;267537;267557;267590;267623;267653;267687;267720;267737;267770;267803;267836;267855;267889;267920;267953;267987;268006;268036;268080;268103;268137;268156;268186;268220;268253;268287;268319;268337;268370;268405;268436;268480;268488;268521;268553;268586;268607;268639;268670;268703;268737;268770;268803;268820;268855;268887;268907;268937;268970;269003;269036;269055;269089;269119;269153;269186;269205;269239;269269;269313;269336;269370;269389;269420;269453;269487;269505;269536;269570;269603;269636;269656;269692;269720;269753;269786;269819;269836;269869;269903;269937;269955;269987;270019;270053;270086;270119;270137;270170;270203;270236;270270;270286;270319;270353;270387;270404;270436;270469;270502;270535;270552;270586;270619;270652;270685;270704;270735;270769;270802;270836;270854;270886;270919;270953;270986;271005;271039;271072;271103;271136;271156;271189;271220;271253;271286;271319;271337;271369;271414;271436;271455;271490;271519;271553;271587;271620;271640;271670;271703;271736;271755;271786;271819;271853;271886;271906;271943;271981;272007;272044;272071;272086;272120;272153;272186;272203;272237;272269;272303;272336;272369;272386;272421;272453;272486;272505;272538;272570;272603;272636;272653;272687;272719;272752;272786;272819;272837;272869;272902;272936;272954;272987;273019;273053;273086;273103;273139;273171;273203;273236;273254;273287;273319;273352;273386;273403;273436;273469;273503;273535;273553;273587;273620;273661;273686;273702;273736;273769;273802;273835;273854;273887;273920;273953;273986;274019;274035;274069;274102;274135;274153;274186;274219;274253;274286;274319;274337;274369;274404;274437;274471;274503;274521;274552;274586;274620;274635;274669;274704;274736;274770;274786;274819;274852;274895;274919;274939;274969;275002;275036;275069;275088;275119;275152;275186;275219;275237;275270;275302;275336;275369;275385;275419;275452;275485;275519;275537;275569;275602;275637;275653;275686;275719;275753;275786;275804;275836;275871;275902;275936;275954;275987;276020;276052;276092;276119;276136;276169;276204;276236;276254;276287;276323;276353;276386;276403;276439;276469;276504;276536;276569;276585;276619;276652;276686;276704;276736;276769;276802;276837;276871;276887;276919;276952;276985;277006;277037;277069;277102;277135;277169;277202;277219;277252;277286;277319;277336;277369;277402;277435;277469;277487;277519;277552;277586;277603;277637;277669;277702;277738;277769;277786;277819;277852;277886;277919;277952;277968;278002;278035;278069;278087;278119;278152;278185;278219;278235;278270;278302;278335;278352;278402;278420;278454;278486;278519;278536;278569;278602;278635;278669;278686;278719;278752;278785;278804;278836;278868;278902;278936;278969;278988;279019;279052;279085;279119;279152;279171;279202;279235;279269;279286;279319;279352;279386;279403;279436;279471;279502;279535;279568;279585;279618;279653;279685;279720;279738;279769;279802;279835;279868;279902;279919;279952;279985;280019;280054;280087;280102;280135;280155;280185;280219;280252;280286;280319;280336;280370;280402;280436;280469;280486;280518;280552;280585;280618;280636;280668;280702;280735;280754;280785;280820;280852;280886;280918;280936;280970;281002;281035;281053;281101;281121;281152;281185;281204;281236;281269;281302;281335;281369;281385;281418;281452;281485;281518;281536;281570;281604;281636;281655;281688;281719;281752;281785;281819;281836;281869;281902;281935;281968;281987;282019;282052;282087;282119;282136""","false","","","","","Mozilla/5.0 (Windows NT 10.0; Win64; x64) AppleWebKit/537.36 (KHTML, like Gecko) Chrome/95.0.4638.69 Safari/537.36 Edg/95.0.1020.53","false","Chrome","yes","","&quot;&quot;","","50","2021-11-15T14:49:05.000Z",312727,"4376","group_4","5.841121495327103",343269,"864","1536","25","de","DE","session_4",1,"2021-11-15T13:36:54.000Z","182","17","","Windows-PC","20.2 ms","121.9 ms",true,"95.0.4638.69 Safari/537.36 Edg/95.0.1020.53","864","1536"
4,"SP_calibration",2,"ex_SP_calib","1","1","","","","","","","","","","","","1","","","","","","","","","","1","","","","","","0","","","","","","","","","","","","","","","","","","","","","","","","","","","","","","","","","","","","","","","","","","","","","","","""times=1636983416080---values=0""","""times=1636983416081---values=0""","","","","","","","false","","","","","Mozilla/5.0 (Windows NT 10.0; Win64; x64) AppleWebKit/537.36 (KHTML, like Gecko) Chrome/95.0.4638.69 Safari/537.36 Edg/95.0.1020.53","false","Chrome","yes","","&quot;&quot;","","50","2021-11-15T14:49:05.000Z",312727,"4376","group_4","5.841121495327103",343269,"864","1536","25","de","DE","session_4",1,"2021-11-15T13:36:54.000Z","182","17","","Windows-PC","20.2 ms","121.9 ms",true,"95.0.4638.69 Safari/537.36 Edg/95.0.1020.53","864","1536"
4,"SP_calibration",1,"SP_calib_instructions","1","1","","","","","","","","","","","","1","","","","","","","","","","1","","","","","","","","","","","","","","","","","","","","","","","","","","","","","","","","","","","","","","","","","","","","","","","","","","","","","","","","","","","","","","","","","","Mozilla/5.0 (Windows NT 10.0; Win64; x64) AppleWebKit/537.36 (KHTML, like Gecko) Chrome/95.0.4638.69 Safari/537.36 Edg/95.0.1020.53","false","Chrome","yes","","&quot;&quot;","","50","2021-11-15T14:49:05.000Z",312727,"4376","group_4","5.841121495327103",343269,"864","1536","25","de","DE","session_4",1,"2021-11-15T13:36:54.000Z","182","17","","Windows-PC","20.2 ms","121.9 ms",true,"95.0.4638.69 Safari/537.36 Edg/95.0.1020.53","864","1536"
3,"E_calibration",3,"E_calib","1","1","","","","","""times=1636983415777;1636983823828;1636983827363;1636983828367;1636983830256;1636983841891;1636983843305;1636983845346;1636983847343;1636983849470;1636983854687;1636983855734;1636983856670;1636983857308;1636983857942;1636983858647;1636983860122---values=0,270,90,180;0,180,90,270;180,90,270,0;90,180,0,270;0,90,180,270;180,270,0,90;270,0,180,90;180,0,270,90;0,180,270,90;180,0,90,270;180,0,270,90;270,0,180,90;180,0,270,90;0,90,180,270;180,0,90,270;90,270,180,0;90,0,180,270""","","","","","","","","","","","","","","","","","1","","","","""times=1636983827362;1636983828366;1636983830255;1636983841889;1636983843304;1636983845344;1636983847342;1636983849469;1636983854686;1636983855732;1636983856669;1636983857307;1636983857941;1636983858644;1636983860120;1636983863839---values=2;3;4;5;6;7;8;9;10;11;12;13;14;15;16;17""","","0","","","","","","","","","","","","1636983823829","","","","","","","","","","","","","","41","","","45;45;45;45;315;315;315;315;585;585;585;585;855;855;855;855","80;560;1040;1520;80;560;1040;1520;80;560;1040;1520;80;560;1040;1520","","","","","","","","","","","","","","","","3;15;13;11;2;16;12;7;1;10;6;5;8;4;9;14","","","","","""times=1636983823839;1636983827372;1636983828372;1636983830272;1636983841903;1636983843320;1636983845354;1636983847353;1636983849487;1636983854703;1636983855736;1636983856685;1636983857319;1636983857952;1636983858652;1636983860135;1636983863861---values=14;3547;4547;6447;18078;19495;21529;23528;25662;30878;31911;32860;33494;34127;34827;36310;40036""","""times=1636983823827;1636983827362;1636983828366;1636983830255;1636983841889;1636983843304;1636983845344;1636983847342;1636983849469;1636983854686;1636983855732;1636983856669;1636983857307;1636983857941;1636983858644;1636983860120;1636983863839---values=1636983823827;1636983827362;1636983828366;1636983830255;1636983841889;1636983843304;1636983845344;1636983847342;1636983849469;1636983854686;1636983855732;1636983856669;1636983857307;1636983857941;1636983858644;1636983860120;1636983863839""","","","false","blockNr_3_taskNr_3_trialNr_1_video_calib.webm","","","","Mozilla/5.0 (Windows NT 10.0; Win64; x64) AppleWebKit/537.36 (KHTML, like Gecko) Chrome/95.0.4638.69 Safari/537.36 Edg/95.0.1020.53","false","Chrome","yes","","&quot;&quot;","","50","2021-11-15T14:49:05.000Z",312727,"4376","group_4","5.841121495327103",343269,"864","1536","25","de","DE","session_4",1,"2021-11-15T13:36:54.000Z","182","17","","Windows-PC","20.2 ms","121.9 ms",true,"95.0.4638.69 Safari/537.36 Edg/95.0.1020.53","864","1536"
3,"E_calibration",2,"ex_E_calib","1","1","","","","","","","","","","","","0.5","","","","","","","","","","1","","","12;3;13;5;6;1;7;15;10;16;9;14;11;2;4;8","""times=1636983415778---values=1""","","0","","","","","","","","","","","","","","","","","","","","","","","","","","0","","","","","","","","","","","","","","","","","","","","1;2;3;4;5;6;7;8;9;10;11;12;13;14;15;16","","","","","","","","","false","","","","","Mozilla/5.0 (Windows NT 10.0; Win64; x64) AppleWebKit/537.36 (KHTML, like Gecko) Chrome/95.0.4638.69 Safari/537.36 Edg/95.0.1020.53","false","Chrome","yes","","&quot;&quot;","","50","2021-11-15T14:49:05.000Z",312727,"4376","group_4","5.841121495327103",343269,"864","1536","25","de","DE","session_4",1,"2021-11-15T13:36:54.000Z","182","17","","Windows-PC","20.2 ms","121.9 ms",true,"95.0.4638.69 Safari/537.36 Edg/95.0.1020.53","864","1536"
3,"E_calibration",1,"E_calib_instructions","1","1","","","","","","","","","","","","0.5","","","","","","","","","","1","","","","","","","","","","","","","","","","","","","","","","","","","","","","","","","","","","","","","","","","","","","","","","","","","","","","","","","","","","","","","","","","","","Mozilla/5.0 (Windows NT 10.0; Win64; x64) AppleWebKit/537.36 (KHTML, like Gecko) Chrome/95.0.4638.69 Safari/537.36 Edg/95.0.1020.53","false","Chrome","yes","","&quot;&quot;","","50","2021-11-15T14:49:05.000Z",312727,"4376","group_4","5.841121495327103",343269,"864","1536","25","de","DE","session_4",1,"2021-11-15T13:36:54.000Z","182","17","","Windows-PC","20.2 ms","121.9 ms",true,"95.0.4638.69 Safari/537.36 Edg/95.0.1020.53","864","1536"
1,"instructions",2,"imported_li et al","1","1","","","","","","128.2","","","","","","","","","","","","","","","","1","","","","","","0","53.4","","","","","","","","","","","","","","","","","","","","","","","","","","","","","","","","","","","","","","","","","","","","","","","","","641","","","","","","","","","","Mozilla/5.0 (Windows NT 10.0; Win64; x64) AppleWebKit/537.36 (KHTML, like Gecko) Chrome/95.0.4638.69 Safari/537.36 Edg/95.0.1020.53","false","Chrome","yes","","&quot;&quot;","","50","2021-11-15T14:49:05.000Z",312727,"4376","group_4","5.841121495327103",343269,"864","1536","25","de","DE","session_4",1,"2021-11-15T13:36:54.000Z","182","17","","Windows-PC","20.2 ms","121.9 ms",true,"95.0.4638.69 Safari/537.36 Edg/95.0.1020.53","864","1536"
1,"instructions",1,"instructions","1","1","","","","","","","","","","","","","","","true","true","true","true","","","","1","","","","","","0","","","","","","option_1","","","","","","","""times=1636983415786;1636983616026---values=1,2,3,4,5,6,7,8,9,10,11,12,13,14,15,16;15,8,13,4,5,14,1,2,6,10,3,12,16,9,7,11""","","option_0","","","option_0","","","","false","true","true","","","","","","","","","","","","","","","","","","","","","","","","","","","","","","","","","option_0","","","Mozilla/5.0 (Windows NT 10.0; Win64; x64) AppleWebKit/537.36 (KHTML, like Gecko) Chrome/95.0.4638.69 Safari/537.36 Edg/95.0.1020.53","false","Chrome","yes","","&quot;&quot;","","50","2021-11-15T14:49:05.000Z",312727,"4376","group_4","5.841121495327103",343269,"864","1536","25","de","DE","session_4",1,"2021-11-15T13:36:54.000Z","182","17","","Windows-PC","20.2 ms","121.9 ms",true,"95.0.4638.69 Safari/537.36 Edg/95.0.1020.53","864","1536"
